********** LDLt Decomposition **********

Matrix A: 
[[ 8.15732e+02  1.00000e+00  0.00000e+00  4.20445e+02 -1.00000e+00
   2.81869e+02  2.32076e+02  3.97658e+02  6.51193e+01  0.00000e+00
   4.21275e+02  2.34737e+00  5.71453e-02 -1.39624e-01  4.19713e+02]
 [ 4.18604e+02  5.20872e+02  0.00000e+00  5.19833e+02 -1.00000e+00
   4.88090e+02  3.34978e+02  5.27169e+02 -9.12066e+00  0.00000e+00
   5.20524e+02  2.60818e+00 -1.54670e+00 -1.82023e-01  5.19888e+02]
 [ 0.00000e+00  0.00000e+00  0.00000e+00  0.00000e+00  0.00000e+00
   0.00000e+00 -1.00000e+00 -1.00000e+00  1.00000e+00  1.00000e+00
   0.00000e+00  0.00000e+00  0.00000e+00  0.00000e+00  0.00000e+00]
 [ 4.20445e+02  5.19833e+02  0.00000e+00  3.33333e+10 -1.00000e+00
   4.86144e+02  3.36579e+02  5.28043e+02 -1.16014e+01  0.00000e+00
   5.19504e+02  2.57783e+00 -2.63573e-01 -8.77493e-01  1.66667e+10]
 [-1.00000e+00 -1.00000e+00  0.00000e+00 -1.00000e+00  0.00000e+00
  -1.00000e+00 -1.00000e+00 -1.00000e+00  0.00000e+00  0.00000e+00
  -1.00000e+00  0.00000e+00  0.00000e+00  0.00000e+00 -1.00000e+00]
 [ 2.81869e+02  4.88090e+02  0.00000e+00  4.86144e+02 -1.00000e+00
   9.48696e+02  3.48620e+02  5.65821e+02 -8.66241e+01  0.00000e+00
   4.84754e+02  2.56467e+00 -1.13458e+00  7.76692e-02  4.86978e+02]
 [ 2.32076e+02  3.34978e+02 -1.00000e+00  3.36579e+02 -1.00000e+00
   3.48620e+02 -6.19664e+04 -3.07225e+04  1.06707e+05  0.00000e+00
   3.37077e+02  2.02037e+00  4.89366e-01  5.55045e-01  3.35855e+02]
 [ 3.97658e+02  5.27169e+02 -1.00000e+00  5.28043e+02 -1.00000e+00
   5.65821e+02 -3.07225e+04 -8.22976e+03  5.33536e+04  0.00000e+00
   5.27669e+02  2.96425e+00  4.37361e-01  1.49892e+00  5.27173e+02]
 [ 6.51193e+01 -9.12066e+00  1.00000e+00 -1.16014e+01  0.00000e+00
  -8.66241e+01  1.06707e+05  5.33536e+04 -1.60083e+05  0.00000e+00
  -1.23841e+01 -1.09425e+00 -2.00416e+00 -1.09425e+00 -9.90337e+00]
 [ 0.00000e+00  0.00000e+00  1.00000e+00  0.00000e+00  0.00000e+00
   0.00000e+00  0.00000e+00  0.00000e+00  0.00000e+00  0.00000e+00
   0.00000e+00  0.00000e+00  0.00000e+00  0.00000e+00  0.00000e+00]
 [ 4.21275e+02  5.20524e+02  0.00000e+00  5.19504e+02 -1.00000e+00
   4.84754e+02  3.37077e+02  5.27669e+02 -1.23841e+01  0.00000e+00
   5.20207e+02  2.60707e+00  4.69261e-01 -1.83137e-01  5.19552e+02]
 [ 2.34737e+00  2.60818e+00  0.00000e+00  2.57783e+00  0.00000e+00
   2.56467e+00  2.02037e+00  2.96425e+00 -1.09425e+00  0.00000e+00
   2.60707e+00 -3.17777e-01 -2.90078e-01  2.78837e-02  3.30254e+00]
 [ 5.71453e-02 -1.54670e+00  0.00000e+00 -2.63573e-01  0.00000e+00
  -1.13458e+00  4.89366e-01  4.37361e-01 -2.00416e+00  0.00000e+00
   4.69261e-01 -2.90078e-01 -5.80992e-01 -2.90078e-01 -8.13864e-01]
 [-1.39624e-01 -1.82023e-01  0.00000e+00 -8.77493e-01  0.00000e+00
   7.76692e-02  5.55045e-01  1.49892e+00 -1.09425e+00  0.00000e+00
  -1.83137e-01  2.78837e-02 -2.90078e-01 -3.17777e-01 -1.52792e-01]
 [ 4.19713e+02  5.19888e+02  0.00000e+00  1.66667e+10 -1.00000e+00
   4.86978e+02  3.35855e+02  5.27173e+02 -9.90337e+00  0.00000e+00
   5.19552e+02  3.30254e+00 -8.13864e-01 -1.52792e-01  3.33333e+10]]

Matrix A Decomposed: 
[[ 3.33333000e+10  5.00001500e-01 -3.48042348e-10  1.58413058e-08
   1.00973801e-08  1.45843346e-08  1.26133626e-08  1.55950056e-08
   1.55851356e-08 -7.90719791e-12  7.73349773e-11 -2.63248163e-11
  -3.00000300e-11  0.00000000e+00  0.00000000e+00]
 [ 5.00001500e-01  2.49999250e+10 -1.64106596e-10  1.05260599e-08
   6.70261991e-09  9.75624010e-09  8.37961991e-09  1.03988600e-08
   1.03920000e-08 -2.72831660e-11  8.05450870e-11  1.14382670e-11
  -2.00000000e-11  0.00000000e+00  0.00000000e+00]
 [-3.48042348e-10 -1.64106596e-10 -1.60083000e+05 -3.33287107e-01
  -6.66572965e-01  5.41119918e-04 -4.06784607e-04  5.69745680e-05
   7.73604928e-05  1.25195055e-05  6.83551657e-06  6.83551658e-06
   2.68670252e-15 -6.24675949e-06  0.00000000e+00]
 [ 1.58413058e-08  1.05260599e-08 -3.33287107e-01  9.55230700e+03
   5.06847964e-01  5.62115826e-02  4.39015847e-02  5.48693829e-02
   5.48078625e-02 -2.41407314e-05  2.72138502e-04  1.18737871e-04
  -1.04686750e-04 -6.97960077e-05  0.00000000e+00]
 [ 1.00973801e-08  6.70261991e-09 -6.66572965e-01  5.06847964e-01
   6.70766285e+03  2.79181401e-03  9.38184906e-03  9.42870804e-03
   9.46173514e-03 -1.08782136e-04 -3.96626895e-06 -1.11697603e-04
  -7.35206949e-05  6.70134680e-07  0.00000000e+00]
 [ 1.45843346e-08  9.75624010e-09  5.41119918e-04  5.62115826e-02
   2.79181401e-03  9.18507758e+02  2.80983033e-01  4.99131578e-01
   4.95536814e-01 -1.21773170e-03  2.63384982e-03  1.80692064e-05
  -1.02602466e-03  4.01992442e-05  0.00000000e+00]
 [ 1.26133626e-08  8.37961991e-09 -4.06784607e-04  4.39015847e-02
   9.38184906e-03  2.80983033e-01  7.24239916e+02 -2.09082087e-01
   3.72527872e-01  5.35151160e-04  2.14472113e-03 -2.58888559e-04
  -9.48125107e-04  2.65927618e-05  0.00000000e+00]
 [ 1.55950056e-08  1.03988600e-08  5.69745680e-05  5.48693829e-02
   9.42870804e-03  4.99131578e-01  3.67527943e-01  3.18340706e+02
   5.17869925e-01 -3.49066909e-03  2.15955447e-03 -5.54449219e-04
  -6.83930714e-04  3.44748727e-05  0.00000000e+00]
 [ 1.55851356e-08  1.03920000e-08  7.73604928e-05  5.48078625e-02
   9.46173514e-03  4.95536814e-01  3.72527872e-01  1.00655744e+00
  -1.08049510e+00 -1.86705146e+00  4.16921775e-03 -1.07115584e-03
  -1.32164151e-03  8.98504094e-05  0.00000000e+00]
 [-7.90719791e-12 -2.72831660e-11  1.25195055e-05 -2.41407314e-05
  -1.08782136e-04 -1.21773170e-03  5.35151160e-04 -2.78864996e-03
  -1.25735450e+00  1.95079137e+00 -1.49496645e-01 -1.48162868e-01
   1.69400020e-04 -4.35374273e-05  0.00000000e+00]
 [ 7.73349773e-11  8.05450870e-11  6.83551657e-06  2.72138502e-04
  -3.96626895e-06  2.63384982e-03  2.14472113e-03  4.97303106e-03
   1.22510474e-01 -2.71432853e-01 -4.10207025e-01  1.21352444e-01
  -1.27315293e-02  7.23386739e-05  0.00000000e+00]
 [-2.63248163e-11  1.14382670e-11  6.83551658e-06  1.18737871e-04
  -1.11697603e-04  1.80692064e-05 -2.58888559e-04 -8.94063022e-04
   2.69407844e-02 -1.77025643e-01  5.59552041e-02 -3.66606859e-01
   1.53828990e-03 -2.07858457e-04  0.00000000e+00]
 [-3.00000300e-11 -2.00000000e-11  2.68670252e-15 -1.04686750e-04
  -7.35206949e-05 -1.02602466e-03 -9.48125107e-04 -1.92769512e-03
  -9.26199231e-02  9.42416795e-02 -7.95145136e-02 -6.26032720e-02
  -1.69754903e-03 -5.45405118e-03  0.00000000e+00]
 [ 0.00000000e+00  0.00000000e+00 -6.24675949e-06 -6.97960077e-05
   6.70134680e-07  4.01992442e-05  2.65927618e-05  6.93596471e-05
   4.48802308e-04 -4.21255909e-04  3.22888553e-04  4.58584544e-05
   2.24904804e-04 -4.30360127e-05 -2.32363534e+04]
 [ 0.00000000e+00  0.00000000e+00  0.00000000e+00  0.00000000e+00
   0.00000000e+00  0.00000000e+00  0.00000000e+00  0.00000000e+00
   0.00000000e+00  0.00000000e+00  0.00000000e+00  0.00000000e+00
   0.00000000e+00 -2.32363534e+04  2.32363534e+04]]

Matrix L: 
[[ 1.00000000e+00  0.00000000e+00  0.00000000e+00  0.00000000e+00
   0.00000000e+00  0.00000000e+00  0.00000000e+00  0.00000000e+00
   0.00000000e+00  0.00000000e+00  0.00000000e+00  0.00000000e+00
   0.00000000e+00  0.00000000e+00  0.00000000e+00]
 [ 5.00001500e-01  1.00000000e+00  0.00000000e+00  0.00000000e+00
   0.00000000e+00  0.00000000e+00  0.00000000e+00  0.00000000e+00
   0.00000000e+00  0.00000000e+00  0.00000000e+00  0.00000000e+00
   0.00000000e+00  0.00000000e+00  0.00000000e+00]
 [-3.48042348e-10 -1.64106596e-10  1.00000000e+00  0.00000000e+00
   0.00000000e+00  0.00000000e+00  0.00000000e+00  0.00000000e+00
   0.00000000e+00  0.00000000e+00  0.00000000e+00  0.00000000e+00
   0.00000000e+00  0.00000000e+00  0.00000000e+00]
 [ 1.58413058e-08  1.05260599e-08 -3.33287107e-01  1.00000000e+00
   0.00000000e+00  0.00000000e+00  0.00000000e+00  0.00000000e+00
   0.00000000e+00  0.00000000e+00  0.00000000e+00  0.00000000e+00
   0.00000000e+00  0.00000000e+00  0.00000000e+00]
 [ 1.00973801e-08  6.70261991e-09 -6.66572965e-01  5.06847964e-01
   1.00000000e+00  0.00000000e+00  0.00000000e+00  0.00000000e+00
   0.00000000e+00  0.00000000e+00  0.00000000e+00  0.00000000e+00
   0.00000000e+00  0.00000000e+00  0.00000000e+00]
 [ 1.45843346e-08  9.75624010e-09  5.41119918e-04  5.62115826e-02
   2.79181401e-03  1.00000000e+00  0.00000000e+00  0.00000000e+00
   0.00000000e+00  0.00000000e+00  0.00000000e+00  0.00000000e+00
   0.00000000e+00  0.00000000e+00  0.00000000e+00]
 [ 1.26133626e-08  8.37961991e-09 -4.06784607e-04  4.39015847e-02
   9.38184906e-03  2.80983033e-01  1.00000000e+00  0.00000000e+00
   0.00000000e+00  0.00000000e+00  0.00000000e+00  0.00000000e+00
   0.00000000e+00  0.00000000e+00  0.00000000e+00]
 [ 1.55950056e-08  1.03988600e-08  5.69745680e-05  5.48693829e-02
   9.42870804e-03  4.99131578e-01  3.67527943e-01  1.00000000e+00
   0.00000000e+00  0.00000000e+00  0.00000000e+00  0.00000000e+00
   0.00000000e+00  0.00000000e+00  0.00000000e+00]
 [ 1.55851356e-08  1.03920000e-08  7.73604928e-05  5.48078625e-02
   9.46173514e-03  4.95536814e-01  3.72527872e-01  1.00655744e+00
   1.00000000e+00  0.00000000e+00  0.00000000e+00  0.00000000e+00
   0.00000000e+00  0.00000000e+00  0.00000000e+00]
 [-7.90719791e-12 -2.72831660e-11  1.25195055e-05 -2.41407314e-05
  -1.08782136e-04 -1.21773170e-03  5.35151160e-04 -2.78864996e-03
  -1.25735450e+00  1.00000000e+00  0.00000000e+00  0.00000000e+00
   0.00000000e+00  0.00000000e+00  0.00000000e+00]
 [ 7.73349773e-11  8.05450870e-11  6.83551657e-06  2.72138502e-04
  -3.96626895e-06  2.63384982e-03  2.14472113e-03  4.97303106e-03
   1.22510474e-01 -2.71432853e-01  1.00000000e+00  0.00000000e+00
   0.00000000e+00  0.00000000e+00  0.00000000e+00]
 [-2.63248163e-11  1.14382670e-11  6.83551658e-06  1.18737871e-04
  -1.11697603e-04  1.80692064e-05 -2.58888559e-04 -8.94063022e-04
   2.69407844e-02 -1.77025643e-01  5.59552041e-02  1.00000000e+00
   0.00000000e+00  0.00000000e+00  0.00000000e+00]
 [-3.00000300e-11 -2.00000000e-11  2.68670252e-15 -1.04686750e-04
  -7.35206949e-05 -1.02602466e-03 -9.48125107e-04 -1.92769512e-03
  -9.26199231e-02  9.42416795e-02 -7.95145136e-02 -6.26032720e-02
   1.00000000e+00  0.00000000e+00  0.00000000e+00]
 [ 0.00000000e+00  0.00000000e+00 -6.24675949e-06 -6.97960077e-05
   6.70134680e-07  4.01992442e-05  2.65927618e-05  6.93596471e-05
   4.48802308e-04 -4.21255909e-04  3.22888553e-04  4.58584544e-05
   2.24904804e-04  1.00000000e+00  0.00000000e+00]
 [ 0.00000000e+00  0.00000000e+00  0.00000000e+00  0.00000000e+00
   0.00000000e+00  0.00000000e+00  0.00000000e+00  0.00000000e+00
   0.00000000e+00  0.00000000e+00  0.00000000e+00  0.00000000e+00
   0.00000000e+00 -2.32363534e+04  1.00000000e+00]]

Matrix U: 
[[ 1.00000000e+00  5.00001500e-01 -3.48042348e-10  1.58413058e-08
   1.00973801e-08  1.45843346e-08  1.26133626e-08  1.55950056e-08
   1.55851356e-08 -7.90719791e-12  7.73349773e-11 -2.63248163e-11
  -3.00000300e-11  0.00000000e+00  0.00000000e+00]
 [ 0.00000000e+00  1.00000000e+00 -1.64106596e-10  1.05260599e-08
   6.70261991e-09  9.75624010e-09  8.37961991e-09  1.03988600e-08
   1.03920000e-08 -2.72831660e-11  8.05450870e-11  1.14382670e-11
  -2.00000000e-11  0.00000000e+00  0.00000000e+00]
 [ 0.00000000e+00  0.00000000e+00  1.00000000e+00 -3.33287107e-01
  -6.66572965e-01  5.41119918e-04 -4.06784607e-04  5.69745680e-05
   7.73604928e-05  1.25195055e-05  6.83551657e-06  6.83551658e-06
   2.68670252e-15 -6.24675949e-06  0.00000000e+00]
 [ 0.00000000e+00  0.00000000e+00  0.00000000e+00  1.00000000e+00
   5.06847964e-01  5.62115826e-02  4.39015847e-02  5.48693829e-02
   5.48078625e-02 -2.41407314e-05  2.72138502e-04  1.18737871e-04
  -1.04686750e-04 -6.97960077e-05  0.00000000e+00]
 [ 0.00000000e+00  0.00000000e+00  0.00000000e+00  0.00000000e+00
   1.00000000e+00  2.79181401e-03  9.38184906e-03  9.42870804e-03
   9.46173514e-03 -1.08782136e-04 -3.96626895e-06 -1.11697603e-04
  -7.35206949e-05  6.70134680e-07  0.00000000e+00]
 [ 0.00000000e+00  0.00000000e+00  0.00000000e+00  0.00000000e+00
   0.00000000e+00  1.00000000e+00  2.80983033e-01  4.99131578e-01
   4.95536814e-01 -1.21773170e-03  2.63384982e-03  1.80692064e-05
  -1.02602466e-03  4.01992442e-05  0.00000000e+00]
 [ 0.00000000e+00  0.00000000e+00  0.00000000e+00  0.00000000e+00
   0.00000000e+00  0.00000000e+00  1.00000000e+00  3.67527943e-01
   3.72527872e-01  5.35151160e-04  2.14472113e-03 -2.58888559e-04
  -9.48125107e-04  2.65927618e-05  0.00000000e+00]
 [ 0.00000000e+00  0.00000000e+00  0.00000000e+00  0.00000000e+00
   0.00000000e+00  0.00000000e+00  0.00000000e+00  1.00000000e+00
   1.00655744e+00 -2.78864996e-03  4.97303106e-03 -8.94063022e-04
  -1.92769512e-03  6.93596471e-05  0.00000000e+00]
 [ 0.00000000e+00  0.00000000e+00  0.00000000e+00  0.00000000e+00
   0.00000000e+00  0.00000000e+00  0.00000000e+00  0.00000000e+00
   1.00000000e+00 -1.25735450e+00  1.22510474e-01  2.69407844e-02
  -9.26199231e-02  4.48802308e-04  0.00000000e+00]
 [ 0.00000000e+00  0.00000000e+00  0.00000000e+00  0.00000000e+00
   0.00000000e+00  0.00000000e+00  0.00000000e+00  0.00000000e+00
   0.00000000e+00  1.00000000e+00 -2.71432853e-01 -1.77025643e-01
   9.42416795e-02 -4.21255909e-04  0.00000000e+00]
 [ 0.00000000e+00  0.00000000e+00  0.00000000e+00  0.00000000e+00
   0.00000000e+00  0.00000000e+00  0.00000000e+00  0.00000000e+00
   0.00000000e+00  0.00000000e+00  1.00000000e+00  5.59552041e-02
  -7.95145136e-02  3.22888553e-04  0.00000000e+00]
 [ 0.00000000e+00  0.00000000e+00  0.00000000e+00  0.00000000e+00
   0.00000000e+00  0.00000000e+00  0.00000000e+00  0.00000000e+00
   0.00000000e+00  0.00000000e+00  0.00000000e+00  1.00000000e+00
  -6.26032720e-02  4.58584544e-05  0.00000000e+00]
 [ 0.00000000e+00  0.00000000e+00  0.00000000e+00  0.00000000e+00
   0.00000000e+00  0.00000000e+00  0.00000000e+00  0.00000000e+00
   0.00000000e+00  0.00000000e+00  0.00000000e+00  0.00000000e+00
   1.00000000e+00  2.24904804e-04  0.00000000e+00]
 [ 0.00000000e+00  0.00000000e+00  0.00000000e+00  0.00000000e+00
   0.00000000e+00  0.00000000e+00  0.00000000e+00  0.00000000e+00
   0.00000000e+00  0.00000000e+00  0.00000000e+00  0.00000000e+00
   0.00000000e+00  1.00000000e+00 -2.32363534e+04]
 [ 0.00000000e+00  0.00000000e+00  0.00000000e+00  0.00000000e+00
   0.00000000e+00  0.00000000e+00  0.00000000e+00  0.00000000e+00
   0.00000000e+00  0.00000000e+00  0.00000000e+00  0.00000000e+00
   0.00000000e+00  0.00000000e+00  1.00000000e+00]]

Matrix D: 
[[ 3.33333000e+10  0.00000000e+00  0.00000000e+00  0.00000000e+00
   0.00000000e+00  0.00000000e+00  0.00000000e+00  0.00000000e+00
   0.00000000e+00  0.00000000e+00  0.00000000e+00  0.00000000e+00
   0.00000000e+00  0.00000000e+00  0.00000000e+00]
 [ 0.00000000e+00  2.49999250e+10  0.00000000e+00  0.00000000e+00
   0.00000000e+00  0.00000000e+00  0.00000000e+00  0.00000000e+00
   0.00000000e+00  0.00000000e+00  0.00000000e+00  0.00000000e+00
   0.00000000e+00  0.00000000e+00  0.00000000e+00]
 [ 0.00000000e+00  0.00000000e+00 -1.60083000e+05  0.00000000e+00
   0.00000000e+00  0.00000000e+00  0.00000000e+00  0.00000000e+00
   0.00000000e+00  0.00000000e+00  0.00000000e+00  0.00000000e+00
   0.00000000e+00  0.00000000e+00  0.00000000e+00]
 [ 0.00000000e+00  0.00000000e+00  0.00000000e+00  9.55230700e+03
   0.00000000e+00  0.00000000e+00  0.00000000e+00  0.00000000e+00
   0.00000000e+00  0.00000000e+00  0.00000000e+00  0.00000000e+00
   0.00000000e+00  0.00000000e+00  0.00000000e+00]
 [ 0.00000000e+00  0.00000000e+00  0.00000000e+00  0.00000000e+00
   6.70766285e+03  0.00000000e+00  0.00000000e+00  0.00000000e+00
   0.00000000e+00  0.00000000e+00  0.00000000e+00  0.00000000e+00
   0.00000000e+00  0.00000000e+00  0.00000000e+00]
 [ 0.00000000e+00  0.00000000e+00  0.00000000e+00  0.00000000e+00
   0.00000000e+00  9.18507758e+02  0.00000000e+00  0.00000000e+00
   0.00000000e+00  0.00000000e+00  0.00000000e+00  0.00000000e+00
   0.00000000e+00  0.00000000e+00  0.00000000e+00]
 [ 0.00000000e+00  0.00000000e+00  0.00000000e+00  0.00000000e+00
   0.00000000e+00  0.00000000e+00  7.24239916e+02  0.00000000e+00
   0.00000000e+00  0.00000000e+00  0.00000000e+00  0.00000000e+00
   0.00000000e+00  0.00000000e+00  0.00000000e+00]
 [ 0.00000000e+00  0.00000000e+00  0.00000000e+00  0.00000000e+00
   0.00000000e+00  0.00000000e+00  0.00000000e+00  3.18340706e+02
   0.00000000e+00  0.00000000e+00  0.00000000e+00  0.00000000e+00
   0.00000000e+00  0.00000000e+00  0.00000000e+00]
 [ 0.00000000e+00  0.00000000e+00  0.00000000e+00  0.00000000e+00
   0.00000000e+00  0.00000000e+00  0.00000000e+00  0.00000000e+00
  -1.08049510e+00  0.00000000e+00  0.00000000e+00  0.00000000e+00
   0.00000000e+00  0.00000000e+00  0.00000000e+00]
 [ 0.00000000e+00  0.00000000e+00  0.00000000e+00  0.00000000e+00
   0.00000000e+00  0.00000000e+00  0.00000000e+00  0.00000000e+00
   0.00000000e+00  1.95079137e+00  0.00000000e+00  0.00000000e+00
   0.00000000e+00  0.00000000e+00  0.00000000e+00]
 [ 0.00000000e+00  0.00000000e+00  0.00000000e+00  0.00000000e+00
   0.00000000e+00  0.00000000e+00  0.00000000e+00  0.00000000e+00
   0.00000000e+00  0.00000000e+00 -4.10207025e-01  0.00000000e+00
   0.00000000e+00  0.00000000e+00  0.00000000e+00]
 [ 0.00000000e+00  0.00000000e+00  0.00000000e+00  0.00000000e+00
   0.00000000e+00  0.00000000e+00  0.00000000e+00  0.00000000e+00
   0.00000000e+00  0.00000000e+00  0.00000000e+00 -3.66606859e-01
   0.00000000e+00  0.00000000e+00  0.00000000e+00]
 [ 0.00000000e+00  0.00000000e+00  0.00000000e+00  0.00000000e+00
   0.00000000e+00  0.00000000e+00  0.00000000e+00  0.00000000e+00
   0.00000000e+00  0.00000000e+00  0.00000000e+00  0.00000000e+00
  -1.69754903e-03  0.00000000e+00  0.00000000e+00]
 [ 0.00000000e+00  0.00000000e+00  0.00000000e+00  0.00000000e+00
   0.00000000e+00  0.00000000e+00  0.00000000e+00  0.00000000e+00
   0.00000000e+00  0.00000000e+00  0.00000000e+00  0.00000000e+00
   0.00000000e+00 -4.30360127e-05  0.00000000e+00]
 [ 0.00000000e+00  0.00000000e+00  0.00000000e+00  0.00000000e+00
   0.00000000e+00  0.00000000e+00  0.00000000e+00  0.00000000e+00
   0.00000000e+00  0.00000000e+00  0.00000000e+00  0.00000000e+00
   0.00000000e+00  0.00000000e+00  2.32363534e+04]]

Permuted Rows: 
[[0. 0. 0. 1. 0. 0. 0. 0. 0. 0. 0. 0. 0. 0. 0.]
 [0. 0. 0. 0. 0. 0. 0. 0. 0. 0. 0. 0. 0. 0. 1.]
 [0. 0. 0. 0. 0. 0. 0. 0. 1. 0. 0. 0. 0. 0. 0.]
 [0. 0. 0. 0. 0. 0. 0. 1. 0. 0. 0. 0. 0. 0. 0.]
 [0. 0. 0. 0. 0. 0. 1. 0. 0. 0. 0. 0. 0. 0. 0.]
 [0. 0. 0. 0. 0. 1. 0. 0. 0. 0. 0. 0. 0. 0. 0.]
 [1. 0. 0. 0. 0. 0. 0. 0. 0. 0. 0. 0. 0. 0. 0.]
 [0. 1. 0. 0. 0. 0. 0. 0. 0. 0. 0. 0. 0. 0. 0.]
 [0. 0. 0. 0. 0. 0. 0. 0. 0. 0. 1. 0. 0. 0. 0.]
 [0. 0. 0. 0. 0. 0. 0. 0. 0. 0. 0. 0. 1. 0. 0.]
 [0. 0. 0. 0. 0. 0. 0. 0. 0. 0. 0. 1. 0. 0. 0.]
 [0. 0. 0. 0. 0. 0. 0. 0. 0. 0. 0. 0. 0. 1. 0.]
 [0. 0. 0. 0. 1. 0. 0. 0. 0. 0. 0. 0. 0. 0. 0.]
 [0. 0. 1. 0. 0. 0. 0. 0. 0. 0. 0. 0. 0. 0. 0.]
 [0. 0. 0. 0. 0. 0. 0. 0. 0. 1. 0. 0. 0. 0. 0.]]

Permuted Columns: 
[[0. 0. 0. 0. 0. 0. 1. 0. 0. 0. 0. 0. 0. 0. 0.]
 [0. 0. 0. 0. 0. 0. 0. 1. 0. 0. 0. 0. 0. 0. 0.]
 [0. 0. 0. 0. 0. 0. 0. 0. 0. 0. 0. 0. 0. 1. 0.]
 [1. 0. 0. 0. 0. 0. 0. 0. 0. 0. 0. 0. 0. 0. 0.]
 [0. 0. 0. 0. 0. 0. 0. 0. 0. 0. 0. 0. 1. 0. 0.]
 [0. 0. 0. 0. 0. 1. 0. 0. 0. 0. 0. 0. 0. 0. 0.]
 [0. 0. 0. 0. 1. 0. 0. 0. 0. 0. 0. 0. 0. 0. 0.]
 [0. 0. 0. 1. 0. 0. 0. 0. 0. 0. 0. 0. 0. 0. 0.]
 [0. 0. 1. 0. 0. 0. 0. 0. 0. 0. 0. 0. 0. 0. 0.]
 [0. 0. 0. 0. 0. 0. 0. 0. 0. 0. 0. 0. 0. 0. 1.]
 [0. 0. 0. 0. 0. 0. 0. 0. 1. 0. 0. 0. 0. 0. 0.]
 [0. 0. 0. 0. 0. 0. 0. 0. 0. 0. 1. 0. 0. 0. 0.]
 [0. 0. 0. 0. 0. 0. 0. 0. 0. 1. 0. 0. 0. 0. 0.]
 [0. 0. 0. 0. 0. 0. 0. 0. 0. 0. 0. 1. 0. 0. 0.]
 [0. 1. 0. 0. 0. 0. 0. 0. 0. 0. 0. 0. 0. 0. 0.]]

Inverse of A: 
[[ 1.68975509e-03  8.51303607e-04  0.00000000e+00  1.40373280e-11
   5.46924786e-01 -9.33984007e-04  3.59640863e-05 -9.05632458e-05
  -5.33938242e-06 -4.92597771e-05 -1.55247552e-03  3.52277869e-01
  -3.53547084e-01  3.52731587e-01 -2.81715208e-11]
 [-4.80350455e-04  1.64513317e-03  0.00000000e+00  1.58466641e-11
   8.70832747e-01 -1.54942152e-03  5.57807745e-05 -1.08147140e-04
   1.20247195e-06 -5.35688370e-05  4.37005185e-04  3.98178661e-01
  -3.97703274e-01  3.96197484e-01 -3.17795863e-11]
 [ 0.00000000e+00  0.00000000e+00  0.00000000e+00  0.00000000e+00
   0.00000000e+00  0.00000000e+00  0.00000000e+00  0.00000000e+00
   0.00000000e+00  1.00000000e+00  0.00000000e+00  0.00000000e+00
   0.00000000e+00  0.00000000e+00  0.00000000e+00]
 [ 3.93178062e-14  1.98568978e-11  0.00000000e+00  4.00001202e-11
  -1.15736057e-10 -1.50974453e-13 -1.69766319e-14  1.68659183e-14
  -4.30119725e-15  4.19048357e-15 -3.97451309e-11 -4.74463560e-11
  -8.14117166e-12 -8.60277230e-11 -2.00001198e-11]
 [-1.77288096e-01  9.36990011e-01 -0.00000000e+00 -1.60125000e-09
  -5.89084607e+02  1.75540471e-02 -3.40867158e-02  2.53757146e-02
  -1.41650524e-02  5.45405118e-03 -1.76854496e+00 -4.47772251e+01
   3.68338507e+01 -3.68786239e+01  3.16013195e-09]
 [ 3.46716653e-04 -1.64025037e-03  0.00000000e+00  2.75104232e-12
   3.17831418e-02  1.83313784e-03  1.50032341e-05 -3.28613645e-05
  -1.75545328e-06 -1.61026771e-05 -5.21745992e-04  6.91185090e-02
  -6.95460928e-02  7.09621708e-02 -5.70673177e-12]
 [-1.06117944e-05  6.06581123e-05  0.00000000e+00 -1.05968965e-13
  -3.37481158e-02  1.34893453e-05  1.47338715e-04 -7.31555031e-05
   7.38350327e-05  3.48178997e-07 -1.37718875e-04 -2.83778261e-03
   2.20470674e-03 -2.55092029e-03  1.95253560e-13]
 [ 3.91726892e-06 -1.31918224e-04 -0.00000000e+00  5.15151532e-14
   1.71417794e-02 -1.64441221e-05 -7.36408737e-05  1.47414264e-04
   4.91431148e-08  7.37242471e-05  7.06716871e-05  1.16941947e-03
  -8.13886489e-04  1.44119343e-03 -8.31552633e-14]
 [-5.11684473e-06 -2.89324770e-06  0.00000000e+00 -4.66841958e-14
  -1.63814317e-02  2.16837212e-06  7.36925960e-05  3.35760901e-07
   4.29919435e-05  3.10364134e-05 -6.81866366e-05 -1.33094525e-03
   1.05056584e-03 -1.04978863e-03  9.02343618e-14]
 [-1.57768075e-06 -6.83668641e-05  1.00000000e+00 -7.76961616e-15
  -2.24904804e-04 -5.12314890e-06  5.24499702e-09  7.39229999e-05
   3.08922323e-05  4.30360127e-05  1.13944882e-06 -3.37417893e-04
   3.40254410e-04 -5.99382310e-05  2.18639347e-14]
 [-1.54942677e-03 -7.84926279e-04  0.00000000e+00 -5.25805807e-11
  -2.43293434e+00  6.53222465e-04 -1.80445936e-04  1.57312989e-04
  -6.79918120e-05  4.48588651e-05  1.70426353e-03 -8.17906676e-01
   8.19405631e-01 -8.18781515e-01  4.55457245e-11]
 [ 6.38073245e-04  4.98642941e-01  0.00000000e+00 -5.03425946e-11
  -7.60991543e+00 -3.51719696e-03 -6.11869484e-04  3.18554664e-04
  -2.66208563e-04 -2.71062572e-05 -4.95470502e-01 -3.03475683e+00
  -1.32299321e-01 -1.45390402e-01  8.35732320e-11]
 [-1.98814452e-03 -4.99208526e-01 -0.00000000e+00 -1.64308642e-11
  -9.03603227e-01  4.09626970e-03 -5.79115418e-05  1.12278393e-04
  -1.37481973e-05  6.81150482e-05  4.97046034e-01 -4.13281094e-01
   4.12793363e-01 -4.11229326e-01  3.29787066e-11]
 [ 2.39879106e-03  4.97677798e-01 -0.00000000e+00 -7.43076695e-11
   9.06182903e-01 -2.73983981e-03 -2.84683355e-04  4.94910272e-04
   1.07583721e-05  1.99468545e-04 -4.97546976e-01  2.21510351e-01
  -4.98108315e-01 -2.67098763e+00  1.58000351e-11]
 [-9.51990083e-14 -3.98359433e-11  0.00000000e+00 -2.00001198e-11
   1.73587990e-10  1.26333516e-13  1.63084983e-14 -1.27447453e-14
   5.22760256e-15 -1.66384956e-15  1.98012446e-11  7.43643352e-11
   1.97509075e-11  3.59200501e-11  4.00001202e-11]]

Inverse of L: 
[[ 1.00000000e+00  0.00000000e+00  0.00000000e+00  0.00000000e+00
   0.00000000e+00  0.00000000e+00  0.00000000e+00  0.00000000e+00
   0.00000000e+00  0.00000000e+00  0.00000000e+00  0.00000000e+00
   0.00000000e+00  0.00000000e+00  0.00000000e+00]
 [-5.00001500e-01  1.00000000e+00  0.00000000e+00  0.00000000e+00
   0.00000000e+00  0.00000000e+00  0.00000000e+00  0.00000000e+00
   0.00000000e+00  0.00000000e+00  0.00000000e+00  0.00000000e+00
   0.00000000e+00  0.00000000e+00  0.00000000e+00]
 [ 2.65988804e-10  1.64106596e-10  1.00000000e+00  0.00000000e+00
   0.00000000e+00  0.00000000e+00  0.00000000e+00  0.00000000e+00
   0.00000000e+00  0.00000000e+00  0.00000000e+00  0.00000000e+00
   0.00000000e+00  0.00000000e+00  0.00000000e+00]
 [-1.04896095e-08 -1.04713653e-08  3.33287107e-01  1.00000000e+00
   0.00000000e+00  0.00000000e+00  0.00000000e+00  0.00000000e+00
   0.00000000e+00  0.00000000e+00  0.00000000e+00  0.00000000e+00
   0.00000000e+00  0.00000000e+00  0.00000000e+00]
 [-1.25212194e-09 -1.28584072e-09  4.97647074e-01 -5.06847964e-01
   1.00000000e+00  0.00000000e+00  0.00000000e+00  0.00000000e+00
   0.00000000e+00  0.00000000e+00  0.00000000e+00  0.00000000e+00
   0.00000000e+00  0.00000000e+00  0.00000000e+00]
 [-9.11321059e-09 -9.16412706e-09 -2.06650538e-02 -5.47965574e-02
  -2.79181401e-03  1.00000000e+00  0.00000000e+00  0.00000000e+00
   0.00000000e+00  0.00000000e+00  0.00000000e+00  0.00000000e+00
   0.00000000e+00  0.00000000e+00  0.00000000e+00]
 [-5.39051663e-09 -5.33281584e-09 -1.30873678e-02 -2.37495106e-02
  -8.59739669e-03 -2.80983033e-01  1.00000000e+00  0.00000000e+00
   0.00000000e+00  0.00000000e+00  0.00000000e+00  0.00000000e+00
   0.00000000e+00  0.00000000e+00  0.00000000e+00]
 [-3.27835418e-09 -3.27812415e-09 -7.91184720e-03 -1.40111605e-02
  -4.87544199e-03 -3.95862462e-01 -3.67527943e-01  1.00000000e+00
   2.20598046e-16  0.00000000e+00  0.00000000e+00  0.00000000e+00
   0.00000000e+00  0.00000000e+00  0.00000000e+00]
 [ 2.15205856e-11  2.14718592e-11  2.67136251e-05  9.19027513e-05
   3.18938008e-05  7.59550581e-03 -2.58988567e-03 -1.00655744e+00
   1.00000000e+00 -0.00000000e+00 -0.00000000e+00 -0.00000000e+00
  -0.00000000e+00 -0.00000000e+00 -0.00000000e+00]
 [ 3.57692727e-12  3.64390612e-11  4.30257540e-05 -8.53108353e-06
   1.36489275e-04  9.81442168e-03 -4.81646235e-03 -1.26281088e+00
   1.25735450e+00  1.00000000e+00 -0.00000000e+00 -0.00000000e+00
  -0.00000000e+00 -0.00000000e+00 -0.00000000e+00]
 [ 1.59872678e-11 -1.85648659e-11  3.46871998e-05 -2.27835472e-05
   8.71445792e-05  1.67084421e-03 -1.30705125e-03 -2.24427562e-01
   2.18776846e-01  2.71432853e-01  1.00000000e+00  0.00000000e+00
   0.00000000e+00  0.00000000e+00  0.00000000e+00]
 [ 2.81447294e-11 -7.57455215e-12  4.04425473e-06 -1.95748075e-04
   1.23589993e-04  9.94544503e-04 -7.79432056e-04 -1.82980508e-01
   1.83401501e-01  1.61837562e-01 -5.59552041e-02  1.00000000e+00
   0.00000000e+00  0.00000000e+00  0.00000000e+00]
 [ 2.71820100e-12 -5.36449438e-12  2.40458709e-05 -4.30765195e-05
   5.78638712e-05 -2.97988556e-05  3.00955234e-04 -1.59058648e-03
   3.00219178e-03 -6.25272673e-02  7.60115348e-02  6.26032720e-02
   1.00000000e+00  0.00000000e+00  0.00000000e+00]
 [-7.76961577e-15  2.18639360e-14  3.08922323e-05  7.39229999e-05
   5.24499702e-09 -5.12314890e-06 -1.57768075e-06 -6.83668641e-05
   1.13944882e-06  3.40254410e-04 -3.37417893e-04 -5.99382310e-05
  -2.24904804e-04  1.00000000e+00 -0.00000000e+00]
 [-1.80537538e-10  5.08038145e-10  7.17822827e-01  1.71770095e+00
   1.21874604e-04 -1.19043299e-01 -3.66595475e-02 -1.58859662e+00
   2.64766356e-02  7.90627172e+00 -7.84036141e+00 -1.39274592e+00
  -5.22596750e+00  2.32363534e+04  1.00000000e+00]]

Inverse of U: 
[[ 1.00000000e+00 -5.00001500e-01  2.65988804e-10 -1.04896095e-08
  -1.25212194e-09 -9.11321059e-09 -5.39051663e-09 -3.27835418e-09
   2.15205856e-11  3.57692727e-12  1.59872678e-11  2.81447294e-11
   2.71820100e-12 -7.76961577e-15 -1.80537538e-10]
 [ 0.00000000e+00  1.00000000e+00  1.64106596e-10 -1.04713653e-08
  -1.28584072e-09 -9.16412706e-09 -5.33281584e-09 -3.27812415e-09
   2.14718592e-11  3.64390612e-11 -1.85648659e-11 -7.57455215e-12
  -5.36449438e-12  2.18639360e-14  5.08038145e-10]
 [ 0.00000000e+00  0.00000000e+00  1.00000000e+00  3.33287107e-01
   4.97647074e-01 -2.06650538e-02 -1.30873678e-02 -7.91184720e-03
   2.67136251e-05  4.30257540e-05  3.46871998e-05  4.04425473e-06
   2.40458709e-05  3.08922323e-05  7.17822827e-01]
 [ 0.00000000e+00  0.00000000e+00  0.00000000e+00  1.00000000e+00
  -5.06847964e-01 -5.47965574e-02 -2.37495106e-02 -1.40111605e-02
   9.19027513e-05 -8.53108353e-06 -2.27835472e-05 -1.95748075e-04
  -4.30765195e-05  7.39229999e-05  1.71770095e+00]
 [ 0.00000000e+00  0.00000000e+00  0.00000000e+00  0.00000000e+00
   1.00000000e+00 -2.79181401e-03 -8.59739669e-03 -4.87544199e-03
   3.18938008e-05  1.36489275e-04  8.71445792e-05  1.23589993e-04
   5.78638712e-05  5.24499702e-09  1.21874604e-04]
 [ 0.00000000e+00  0.00000000e+00  0.00000000e+00  0.00000000e+00
   0.00000000e+00  1.00000000e+00 -2.80983033e-01 -3.95862462e-01
   7.59550581e-03  9.81442168e-03  1.67084421e-03  9.94544503e-04
  -2.97988556e-05 -5.12314890e-06 -1.19043299e-01]
 [ 0.00000000e+00  0.00000000e+00  0.00000000e+00  0.00000000e+00
   0.00000000e+00  0.00000000e+00  1.00000000e+00 -3.67527943e-01
  -2.58988567e-03 -4.81646235e-03 -1.30705125e-03 -7.79432056e-04
   3.00955234e-04 -1.57768075e-06 -3.66595475e-02]
 [ 0.00000000e+00  0.00000000e+00  0.00000000e+00  0.00000000e+00
   0.00000000e+00  0.00000000e+00  0.00000000e+00  1.00000000e+00
  -1.00655744e+00 -1.26281088e+00 -2.24427562e-01 -1.82980508e-01
  -1.59058648e-03 -6.83668641e-05 -1.58859662e+00]
 [ 0.00000000e+00  0.00000000e+00  0.00000000e+00  0.00000000e+00
   0.00000000e+00  0.00000000e+00  0.00000000e+00  0.00000000e+00
   1.00000000e+00  1.25735450e+00  2.18776846e-01  1.83401501e-01
   3.00219178e-03  1.13944882e-06  2.64766356e-02]
 [ 0.00000000e+00  0.00000000e+00  0.00000000e+00  0.00000000e+00
   0.00000000e+00  0.00000000e+00  0.00000000e+00  0.00000000e+00
   0.00000000e+00  1.00000000e+00  2.71432853e-01  1.61837562e-01
  -6.25272673e-02  3.40254410e-04  7.90627172e+00]
 [ 0.00000000e+00  0.00000000e+00  0.00000000e+00  0.00000000e+00
   0.00000000e+00  0.00000000e+00  0.00000000e+00  0.00000000e+00
   0.00000000e+00  0.00000000e+00  1.00000000e+00 -5.59552041e-02
   7.60115348e-02 -3.37417893e-04 -7.84036141e+00]
 [ 0.00000000e+00  0.00000000e+00  0.00000000e+00  0.00000000e+00
   0.00000000e+00  0.00000000e+00  0.00000000e+00  0.00000000e+00
   0.00000000e+00  0.00000000e+00  0.00000000e+00  1.00000000e+00
   6.26032720e-02 -5.99382310e-05 -1.39274592e+00]
 [ 0.00000000e+00  0.00000000e+00  0.00000000e+00  0.00000000e+00
   0.00000000e+00  0.00000000e+00  0.00000000e+00  0.00000000e+00
   0.00000000e+00  0.00000000e+00  0.00000000e+00  0.00000000e+00
   1.00000000e+00 -2.24904804e-04 -5.22596750e+00]
 [ 0.00000000e+00  0.00000000e+00  0.00000000e+00  0.00000000e+00
   0.00000000e+00  0.00000000e+00  0.00000000e+00  0.00000000e+00
   0.00000000e+00  0.00000000e+00  0.00000000e+00  0.00000000e+00
   0.00000000e+00  1.00000000e+00  2.32363534e+04]
 [ 0.00000000e+00  0.00000000e+00  0.00000000e+00  0.00000000e+00
   0.00000000e+00  0.00000000e+00  0.00000000e+00  0.00000000e+00
   0.00000000e+00  0.00000000e+00  0.00000000e+00  0.00000000e+00
   0.00000000e+00  0.00000000e+00  1.00000000e+00]]

Inverse of D: 
[[ 3.00000300e-11  0.00000000e+00  0.00000000e+00  0.00000000e+00
   0.00000000e+00  0.00000000e+00  0.00000000e+00  0.00000000e+00
   0.00000000e+00  0.00000000e+00  0.00000000e+00  0.00000000e+00
   0.00000000e+00  0.00000000e+00  0.00000000e+00]
 [ 0.00000000e+00  4.00001200e-11  0.00000000e+00  0.00000000e+00
   0.00000000e+00  0.00000000e+00  0.00000000e+00  0.00000000e+00
   0.00000000e+00  0.00000000e+00  0.00000000e+00  0.00000000e+00
   0.00000000e+00  0.00000000e+00  0.00000000e+00]
 [-0.00000000e+00 -0.00000000e+00 -6.24675949e-06 -0.00000000e+00
  -0.00000000e+00 -0.00000000e+00 -0.00000000e+00 -0.00000000e+00
  -0.00000000e+00 -0.00000000e+00 -0.00000000e+00 -0.00000000e+00
  -0.00000000e+00 -0.00000000e+00 -0.00000000e+00]
 [ 0.00000000e+00  0.00000000e+00  0.00000000e+00  1.04686753e-04
   0.00000000e+00  0.00000000e+00  0.00000000e+00  0.00000000e+00
   0.00000000e+00  0.00000000e+00  0.00000000e+00  0.00000000e+00
   0.00000000e+00  0.00000000e+00  0.00000000e+00]
 [ 0.00000000e+00  0.00000000e+00  0.00000000e+00  0.00000000e+00
   1.49083224e-04  0.00000000e+00  0.00000000e+00  0.00000000e+00
   0.00000000e+00  0.00000000e+00  0.00000000e+00  0.00000000e+00
   0.00000000e+00  0.00000000e+00  0.00000000e+00]
 [ 0.00000000e+00  0.00000000e+00  0.00000000e+00  0.00000000e+00
   0.00000000e+00  1.08872243e-03  0.00000000e+00  0.00000000e+00
   0.00000000e+00  0.00000000e+00  0.00000000e+00  0.00000000e+00
   0.00000000e+00  0.00000000e+00  0.00000000e+00]
 [ 0.00000000e+00  0.00000000e+00  0.00000000e+00  0.00000000e+00
   0.00000000e+00  0.00000000e+00  1.38075792e-03  0.00000000e+00
   0.00000000e+00  0.00000000e+00  0.00000000e+00  0.00000000e+00
   0.00000000e+00  0.00000000e+00  0.00000000e+00]
 [ 0.00000000e+00  0.00000000e+00  0.00000000e+00  0.00000000e+00
   0.00000000e+00  0.00000000e+00  0.00000000e+00  3.14128851e-03
   0.00000000e+00  0.00000000e+00  0.00000000e+00  0.00000000e+00
   0.00000000e+00  0.00000000e+00  0.00000000e+00]
 [-0.00000000e+00 -0.00000000e+00 -0.00000000e+00 -0.00000000e+00
  -0.00000000e+00 -0.00000000e+00 -0.00000000e+00 -0.00000000e+00
  -9.25501653e-01 -0.00000000e+00 -0.00000000e+00 -0.00000000e+00
  -0.00000000e+00 -0.00000000e+00 -0.00000000e+00]
 [ 0.00000000e+00  0.00000000e+00  0.00000000e+00  0.00000000e+00
   0.00000000e+00  0.00000000e+00  0.00000000e+00  0.00000000e+00
   0.00000000e+00  5.12612479e-01  0.00000000e+00  0.00000000e+00
   0.00000000e+00  0.00000000e+00  0.00000000e+00]
 [-0.00000000e+00 -0.00000000e+00 -0.00000000e+00 -0.00000000e+00
  -0.00000000e+00 -0.00000000e+00 -0.00000000e+00 -0.00000000e+00
  -0.00000000e+00 -0.00000000e+00 -2.43779345e+00 -0.00000000e+00
  -0.00000000e+00 -0.00000000e+00 -0.00000000e+00]
 [-0.00000000e+00 -0.00000000e+00 -0.00000000e+00 -0.00000000e+00
  -0.00000000e+00 -0.00000000e+00 -0.00000000e+00 -0.00000000e+00
  -0.00000000e+00 -0.00000000e+00 -0.00000000e+00 -2.72771765e+00
  -0.00000000e+00 -0.00000000e+00 -0.00000000e+00]
 [-0.00000000e+00 -0.00000000e+00 -0.00000000e+00 -0.00000000e+00
  -0.00000000e+00 -0.00000000e+00 -0.00000000e+00 -0.00000000e+00
  -0.00000000e+00 -0.00000000e+00 -0.00000000e+00 -0.00000000e+00
  -5.89084607e+02 -0.00000000e+00 -0.00000000e+00]
 [-0.00000000e+00 -0.00000000e+00 -0.00000000e+00 -0.00000000e+00
  -0.00000000e+00 -0.00000000e+00 -0.00000000e+00 -0.00000000e+00
  -0.00000000e+00 -0.00000000e+00 -0.00000000e+00 -0.00000000e+00
  -0.00000000e+00 -2.32363534e+04 -0.00000000e+00]
 [ 0.00000000e+00  0.00000000e+00  0.00000000e+00  0.00000000e+00
   0.00000000e+00  0.00000000e+00  0.00000000e+00  0.00000000e+00
   0.00000000e+00  0.00000000e+00  0.00000000e+00  0.00000000e+00
   0.00000000e+00  0.00000000e+00  4.30360127e-05]]

Inverse of A Decomposed: 
[[ 1.75157942e-03 -1.27145510e-03  4.90942310e-17 -3.98647574e-12
  -1.77288096e-01  7.57538383e-05 -1.62208560e-05 -9.22674875e-06
  -1.31222921e-05 -1.57768075e-06 -1.52673092e-04 -1.04085840e-02
   9.82531173e-03 -8.97274432e-03 -2.74139342e-12]
 [-1.27145510e-03 -3.32684904e-01  6.17522064e-16  3.27754900e-11
   9.36990011e-01  8.61643567e-04  8.96237002e-05 -1.03405695e-04
   1.57072105e-05 -6.83668641e-05  3.31690798e-01  5.90401777e-01
  -4.76640717e-01  5.57777801e-01 -3.28472435e-11]
 [ 0.00000000e+00  2.22044605e-16  0.00000000e+00  0.00000000e+00
   0.00000000e+00  0.00000000e+00  0.00000000e+00  0.00000000e+00
   0.00000000e+00  1.00000000e+00 -3.46944695e-18  0.00000000e+00
  -8.88178420e-16  0.00000000e+00  0.00000000e+00]
 [-3.98647574e-12  3.27754900e-11  6.15747041e-24  4.00001202e-11
  -1.60125037e-09 -3.98074968e-12 -1.50695689e-13 -5.57275396e-14
  -1.17245696e-13 -7.76961577e-15 -4.50255686e-11 -1.56391425e-10
   7.89522453e-11 -1.77014387e-10 -2.00001198e-11]
 [-1.77288096e-01  9.36990011e-01 -9.47195263e-17 -1.60125037e-09
  -5.89084607e+02  1.75540471e-02 -3.40867158e-02  2.53757146e-02
  -1.41650524e-02 -2.24904804e-04 -1.76854496e+00 -4.47772251e+01
   3.68338507e+01 -3.68786239e+01  3.16014106e-09]
 [ 7.57538383e-05  8.61643567e-04  1.36831076e-16 -3.98074968e-12
   1.75540471e-02  1.67595324e-03  7.14670366e-06 -3.38423189e-05
  -7.28396259e-06 -5.12314890e-06 -2.03986260e-03 -2.58706570e-03
   2.38875658e-03 -1.61389581e-03 -3.79743063e-12]
 [-1.62208560e-05  8.96237002e-05 -1.48063890e-18 -1.50695689e-13
  -3.40867158e-02  7.14670366e-06  1.47244478e-04 -7.33636038e-05
   7.37040167e-05  5.24499702e-09 -1.52185543e-04 -2.78456053e-03
   2.08909352e-03 -2.47105855e-03  1.40938804e-13]
 [-9.22674875e-06 -1.03405695e-04 -5.09698287e-17 -5.57275396e-14
   2.53757146e-02 -3.38423189e-05 -7.33636038e-05  1.46443348e-04
  -9.06884200e-08  7.39229999e-05  9.57056406e-05  1.95451156e-03
  -1.48955898e-03  2.12254824e-03 -2.76369386e-13]
 [-1.31222921e-05  1.57072105e-05  1.79242169e-17 -1.17245696e-13
  -1.41650524e-02 -7.28396259e-06  7.37040167e-05 -9.06884200e-08
   4.28574893e-05  3.08922323e-05 -6.00411070e-05 -1.16065033e-03
   8.83019808e-04 -8.97810214e-04  1.56389410e-16]
 [-1.57768075e-06 -6.83668641e-05  1.00000000e+00 -7.76961577e-15
  -2.24904804e-04 -5.12314890e-06  5.24499702e-09  7.39229999e-05
   3.08922323e-05  4.30360127e-05  1.13944882e-06 -3.37417893e-04
   3.40254410e-04 -5.99382310e-05  2.18639360e-14]
 [-1.52673092e-04  3.31690798e-01 -7.95398777e-16 -4.50255686e-11
  -1.76854496e+00 -2.03986260e-03 -1.52185543e-04  9.57056406e-05
  -6.00411070e-05  1.13944882e-06 -3.28832089e-01 -6.39770008e-01
   5.29391784e-01 -6.10984213e-01  2.67919343e-11]
 [-1.04085840e-02  5.90401777e-01 -1.24241920e-15 -1.56391425e-10
  -4.47772251e+01 -2.58706570e-03 -2.78456053e-03  1.95451156e-03
  -1.16065033e-03 -3.37417893e-04 -6.39770008e-01 -5.84991950e+00
   2.16280156e+00 -2.65057080e+00  2.84308377e-10]
 [ 9.82531173e-03 -4.76640717e-01 -4.85371550e-17  7.89522453e-11
   3.68338507e+01  2.38875658e-03  2.08909352e-03 -1.48955898e-03
   8.83019808e-04  3.40254410e-04  5.29391784e-01  2.16280156e+00
  -2.04155665e+00  1.86447240e+00 -1.63287782e-10]
 [-8.97274432e-03  5.57777801e-01 -9.51962693e-18 -1.77014387e-10
  -3.68786239e+01 -1.61389581e-03 -2.47105855e-03  2.12254824e-03
  -8.97810214e-04 -5.99382310e-05 -6.10984213e-01 -2.65057080e+00
   1.86447240e+00 -5.03644017e+00  2.18496410e-10]
 [-2.74139342e-12 -3.28472435e-11  2.48172807e-24 -2.00001198e-11
   3.16014106e-09 -3.79743063e-12  1.40938804e-13 -2.76369386e-13
   1.56389410e-16  2.18639360e-14  2.67919343e-11  2.84308377e-10
  -1.63287782e-10  2.18496410e-10  4.00001202e-11]]

Determinant of A: 9.74e+38
Is A == Decomposition? False
Is invA == invDecomposition? False
