Galerkin 1:
	alpha = [-4.33879453e-09]
	error = 0.673542425905569

Galerkin 2:
	alpha = [ 0.63206215 -0.61087708 -0.61087708  0.56850693]
	error = 0.11149814453502095

Galerkin 3: 
	alpha = [ 0.49189244 -0.36980436 -0.12154989 -0.36980436 0.27802545  0.09045639 -0.12154989  0.09045639  0.0323241 ]
	error = 0.006645639492674947

Galerkin 4: 
	alpha = [ 4.92771296e-01 -3.71341117e-01 -1.19846879e-01 -1.47587156e-03 -3.71341117e-01  2.79589553e-01  9.00841027e-02  1.45009294e-03 -1.19846879e-01  9.00841027e-02  2.99406837e-02 -1.65381143e-04 -1.47587156e-03  1.45009294e-03 -1.65381143e-04  1.37027778e-03]
	error = 0.006412141835255881

Galerkin 5: 
	alpha = [ 4.98153120e-01 -3.81484094e-01 -1.07795689e-01 -1.90524777e-02 1.00724104e-02 -3.81484094e-01  2.92242892e-01  8.24938660e-02 1.47330972e-02 -7.70591730e-03 -1.07795689e-01  8.24938660e-02 2.31050791e-02  4.00839416e-03 -2.14360247e-03 -1.90524777e-02 1.47330972e-02  4.00839416e-03  9.26964004e-04 -4.22018947e-04 1.00724104e-02 -7.70591730e-03 -2.14360247e-03 -4.22018947e-04 4.01872031e-04]
	error = 0.0021858066887519693