********** LDLt Decomposition **********

Matrix A: 
{
{8.16e+02 ,4.19e+02 ,0.00e+00 ,4.20e+02 ,-1.00e+00 ,2.82e+02 ,2.32e+02 ,3.98e+02 ,6.51e+01 ,0.00e+00 ,4.21e+02 ,2.35e+00 ,5.71e-02 ,-1.40e-01 ,4.20e+02 },
{4.19e+02 ,5.21e+02 ,0.00e+00 ,5.20e+02 ,-1.00e+00 ,4.88e+02 ,3.35e+02 ,5.27e+02 ,-9.12e+00 ,0.00e+00 ,5.21e+02 ,2.61e+00 ,-1.55e+00 ,-1.82e-01 ,5.20e+02 },
{0.00e+00 ,0.00e+00 ,0.00e+00 ,0.00e+00 ,0.00e+00 ,0.00e+00 ,-1.00e+00 ,-1.00e+00 ,1.00e+00 ,1.00e+00 ,0.00e+00 ,0.00e+00 ,0.00e+00 ,0.00e+00 ,0.00e+00 },
{4.20e+02 ,5.20e+02 ,0.00e+00 ,3.33e+10 ,-1.00e+00 ,4.86e+02 ,3.37e+02 ,5.28e+02 ,-1.16e+01 ,0.00e+00 ,5.20e+02 ,2.58e+00 ,-2.64e-01 ,-8.77e-01 ,1.67e+10 },
{-1.00e+00 ,-1.00e+00 ,0.00e+00 ,-1.00e+00 ,0.00e+00 ,-1.00e+00 ,-1.00e+00 ,-1.00e+00 ,0.00e+00 ,0.00e+00 ,-1.00e+00 ,0.00e+00 ,0.00e+00 ,0.00e+00 ,-1.00e+00 },
{2.82e+02 ,4.88e+02 ,0.00e+00 ,4.86e+02 ,-1.00e+00 ,9.49e+02 ,3.49e+02 ,5.66e+02 ,-8.66e+01 ,0.00e+00 ,4.85e+02 ,2.56e+00 ,-1.13e+00 ,7.77e-02 ,4.87e+02 },
{2.32e+02 ,3.35e+02 ,-1.00e+00 ,3.37e+02 ,-1.00e+00 ,3.49e+02 ,-6.20e+04 ,-3.07e+04 ,1.07e+05 ,0.00e+00 ,3.37e+02 ,2.02e+00 ,4.89e-01 ,5.55e-01 ,3.36e+02 },
{3.98e+02 ,5.27e+02 ,-1.00e+00 ,5.28e+02 ,-1.00e+00 ,5.66e+02 ,-3.07e+04 ,-8.23e+03 ,5.34e+04 ,0.00e+00 ,5.28e+02 ,2.96e+00 ,4.37e-01 ,1.50e+00 ,5.27e+02 },
{6.51e+01 ,-9.12e+00 ,1.00e+00 ,-1.16e+01 ,0.00e+00 ,-8.66e+01 ,1.07e+05 ,5.34e+04 ,-1.60e+05 ,0.00e+00 ,-1.24e+01 ,-1.09e+00 ,-2.00e+00 ,-1.09e+00 ,-9.90e+00 },
{0.00e+00 ,0.00e+00 ,1.00e+00 ,0.00e+00 ,0.00e+00 ,0.00e+00 ,0.00e+00 ,0.00e+00 ,0.00e+00 ,0.00e+00 ,0.00e+00 ,0.00e+00 ,0.00e+00 ,0.00e+00 ,0.00e+00 },
{4.21e+02 ,5.21e+02 ,0.00e+00 ,5.20e+02 ,-1.00e+00 ,4.85e+02 ,3.37e+02 ,5.28e+02 ,-1.24e+01 ,0.00e+00 ,5.20e+02 ,2.61e+00 ,4.69e-01 ,-1.83e-01 ,5.20e+02 },
{2.35e+00 ,2.61e+00 ,0.00e+00 ,2.58e+00 ,0.00e+00 ,2.56e+00 ,2.02e+00 ,2.96e+00 ,-1.09e+00 ,0.00e+00 ,2.61e+00 ,-3.18e-01 ,-2.90e-01 ,2.79e-02 ,3.30e+00 },
{5.71e-02 ,-1.55e+00 ,0.00e+00 ,-2.64e-01 ,0.00e+00 ,-1.13e+00 ,4.89e-01 ,4.37e-01 ,-2.00e+00 ,0.00e+00 ,4.69e-01 ,-2.90e-01 ,-5.81e-01 ,-2.90e-01 ,-8.14e-01 },
{-1.40e-01 ,-1.82e-01 ,0.00e+00 ,-8.77e-01 ,0.00e+00 ,7.77e-02 ,5.55e-01 ,1.50e+00 ,-1.09e+00 ,0.00e+00 ,-1.83e-01 ,2.79e-02 ,-2.90e-01 ,-3.18e-01 ,-1.53e-01 },
{4.20e+02 ,5.20e+02 ,0.00e+00 ,1.67e+10 ,-1.00e+00 ,4.87e+02 ,3.36e+02 ,5.27e+02 ,-9.90e+00 ,0.00e+00 ,5.20e+02 ,3.30e+00 ,-8.14e-01 ,-1.53e-01 ,3.33e+10 }
}

Matrix A Decomposed: 
{
{3.33e+10 ,5.00e-01 ,-3.48e-10 ,1.58e-08 ,1.01e-08 ,1.46e-08 ,1.26e-08 ,1.56e-08 ,-7.91e-12 ,1.56e-08 ,7.73e-11 ,-2.63e-11 ,-3.00e-11 ,0.00e+00 ,0.00e+00 },
{5.00e-01 ,2.50e+10 ,-1.64e-10 ,1.05e-08 ,6.70e-09 ,9.76e-09 ,8.38e-09 ,1.04e-08 ,-2.73e-11 ,1.04e-08 ,8.05e-11 ,1.14e-11 ,-2.00e-11 ,0.00e+00 ,0.00e+00 },
{-3.48e-10 ,-1.64e-10 ,-1.60e+05 ,-3.33e-01 ,-6.67e-01 ,5.41e-04 ,-4.07e-04 ,7.74e-05 ,1.25e-05 ,5.70e-05 ,6.84e-06 ,6.84e-06 ,2.69e-15 ,-6.25e-06 ,0.00e+00 },
{1.58e-08 ,1.05e-08 ,-3.33e-01 ,9.55e+03 ,5.07e-01 ,5.62e-02 ,4.39e-02 ,5.48e-02 ,-2.41e-05 ,5.49e-02 ,2.72e-04 ,1.19e-04 ,-1.05e-04 ,-6.98e-05 ,0.00e+00 },
{1.01e-08 ,6.70e-09 ,-6.67e-01 ,5.07e-01 ,6.71e+03 ,2.79e-03 ,9.38e-03 ,9.46e-03 ,-1.09e-04 ,9.43e-03 ,-3.97e-06 ,-1.12e-04 ,-7.35e-05 ,6.70e-07 ,0.00e+00 },
{1.46e-08 ,9.76e-09 ,5.41e-04 ,5.62e-02 ,2.79e-03 ,9.19e+02 ,2.81e-01 ,4.96e-01 ,-1.22e-03 ,4.99e-01 ,2.63e-03 ,1.81e-05 ,-1.03e-03 ,4.02e-05 ,0.00e+00 },
{1.26e-08 ,8.38e-09 ,-4.07e-04 ,4.39e-02 ,9.38e-03 ,2.81e-01 ,7.24e+02 ,3.73e-01 ,5.35e-04 ,3.68e-01 ,2.14e-03 ,-2.59e-04 ,-9.48e-04 ,2.66e-05 ,0.00e+00 },
{1.56e-08 ,1.04e-08 ,7.74e-05 ,5.48e-02 ,9.46e-03 ,4.96e-01 ,3.73e-01 ,1.65e+02 ,5.45e-03 ,1.00e+00 ,4.17e-03 ,-1.07e-03 ,-1.32e-03 ,6.64e-05 ,0.00e+00 },
{-7.91e-12 ,-2.73e-11 ,1.25e-05 ,-2.41e-05 ,-1.09e-04 ,-1.22e-03 ,5.35e-04 ,5.45e-03 ,-5.88e-01 ,3.42e+00 ,4.96e-01 ,4.92e-01 ,-5.60e-04 ,9.05e-05 ,0.00e+00 },
{1.56e-08 ,1.04e-08 ,5.70e-05 ,5.49e-02 ,9.43e-03 ,4.99e-01 ,3.68e-01 ,1.00e+00 ,3.42e+00 ,6.88e+00 ,1.45e-01 ,1.44e-01 ,-1.64e-04 ,3.01e-05 ,0.00e+00 },
{7.73e-11 ,8.05e-11 ,6.84e-06 ,2.72e-04 ,-3.97e-06 ,2.63e-03 ,2.14e-03 ,4.17e-03 ,4.96e-01 ,1.45e-01 ,-3.31e-01 ,-8.67e-02 ,-1.55e-02 ,4.00e-05 ,0.00e+00 },
{-2.63e-11 ,1.14e-11 ,6.84e-06 ,1.19e-04 ,-1.12e-04 ,1.81e-05 ,-2.59e-04 ,-1.07e-03 ,4.92e-01 ,1.44e-01 ,-8.67e-02 ,-3.16e-01 ,-3.64e-04 ,-2.66e-04 ,0.00e+00 },
{-3.00e-11 ,-2.00e-11 ,2.69e-15 ,-1.05e-04 ,-7.35e-05 ,-1.03e-03 ,-9.48e-04 ,-1.32e-03 ,-5.60e-04 ,-1.64e-04 ,-1.55e-02 ,-3.64e-04 ,-1.97e-03 ,-4.93e-04 ,0.00e+00 },
{0.00e+00 ,0.00e+00 ,-6.25e-06 ,-6.98e-05 ,6.70e-07 ,4.02e-05 ,2.66e-05 ,6.64e-05 ,9.05e-05 ,3.01e-05 ,4.00e-05 ,-2.66e-04 ,-4.93e-04 ,-4.30e-05 ,-2.33e+04 },
{0.00e+00 ,0.00e+00 ,0.00e+00 ,0.00e+00 ,0.00e+00 ,0.00e+00 ,0.00e+00 ,0.00e+00 ,0.00e+00 ,0.00e+00 ,0.00e+00 ,0.00e+00 ,0.00e+00 ,-2.33e+04 ,2.33e+04 }
}

Matrix L: 
{
{1.00e+00 ,0.00e+00 ,0.00e+00 ,0.00e+00 ,0.00e+00 ,0.00e+00 ,0.00e+00 ,0.00e+00 ,0.00e+00 ,0.00e+00 ,0.00e+00 ,0.00e+00 ,0.00e+00 ,0.00e+00 ,0.00e+00 },
{5.00e-01 ,1.00e+00 ,0.00e+00 ,0.00e+00 ,0.00e+00 ,0.00e+00 ,0.00e+00 ,0.00e+00 ,0.00e+00 ,0.00e+00 ,0.00e+00 ,0.00e+00 ,0.00e+00 ,0.00e+00 ,0.00e+00 },
{-3.48e-10 ,-1.64e-10 ,1.00e+00 ,0.00e+00 ,0.00e+00 ,0.00e+00 ,0.00e+00 ,0.00e+00 ,0.00e+00 ,0.00e+00 ,0.00e+00 ,0.00e+00 ,0.00e+00 ,0.00e+00 ,0.00e+00 },
{1.58e-08 ,1.05e-08 ,-3.33e-01 ,1.00e+00 ,0.00e+00 ,0.00e+00 ,0.00e+00 ,0.00e+00 ,0.00e+00 ,0.00e+00 ,0.00e+00 ,0.00e+00 ,0.00e+00 ,0.00e+00 ,0.00e+00 },
{1.01e-08 ,6.70e-09 ,-6.67e-01 ,5.07e-01 ,1.00e+00 ,0.00e+00 ,0.00e+00 ,0.00e+00 ,0.00e+00 ,0.00e+00 ,0.00e+00 ,0.00e+00 ,0.00e+00 ,0.00e+00 ,0.00e+00 },
{1.46e-08 ,9.76e-09 ,5.41e-04 ,5.62e-02 ,2.79e-03 ,1.00e+00 ,0.00e+00 ,0.00e+00 ,0.00e+00 ,0.00e+00 ,0.00e+00 ,0.00e+00 ,0.00e+00 ,0.00e+00 ,0.00e+00 },
{1.26e-08 ,8.38e-09 ,-4.07e-04 ,4.39e-02 ,9.38e-03 ,2.81e-01 ,1.00e+00 ,0.00e+00 ,0.00e+00 ,0.00e+00 ,0.00e+00 ,0.00e+00 ,0.00e+00 ,0.00e+00 ,0.00e+00 },
{1.56e-08 ,1.04e-08 ,7.74e-05 ,5.48e-02 ,9.46e-03 ,4.96e-01 ,3.73e-01 ,1.00e+00 ,0.00e+00 ,0.00e+00 ,0.00e+00 ,0.00e+00 ,0.00e+00 ,0.00e+00 ,0.00e+00 },
{-7.91e-12 ,-2.73e-11 ,1.25e-05 ,-2.41e-05 ,-1.09e-04 ,-1.22e-03 ,5.35e-04 ,5.45e-03 ,1.00e+00 ,0.00e+00 ,0.00e+00 ,0.00e+00 ,0.00e+00 ,0.00e+00 ,0.00e+00 },
{1.56e-08 ,1.04e-08 ,5.70e-05 ,5.49e-02 ,9.43e-03 ,4.99e-01 ,3.68e-01 ,1.00e+00 ,3.42e+00 ,1.00e+00 ,0.00e+00 ,0.00e+00 ,0.00e+00 ,0.00e+00 ,0.00e+00 },
{7.73e-11 ,8.05e-11 ,6.84e-06 ,2.72e-04 ,-3.97e-06 ,2.63e-03 ,2.14e-03 ,4.17e-03 ,4.96e-01 ,1.45e-01 ,1.00e+00 ,0.00e+00 ,0.00e+00 ,0.00e+00 ,0.00e+00 },
{-2.63e-11 ,1.14e-11 ,6.84e-06 ,1.19e-04 ,-1.12e-04 ,1.81e-05 ,-2.59e-04 ,-1.07e-03 ,4.92e-01 ,1.44e-01 ,-8.67e-02 ,1.00e+00 ,0.00e+00 ,0.00e+00 ,0.00e+00 },
{-3.00e-11 ,-2.00e-11 ,2.69e-15 ,-1.05e-04 ,-7.35e-05 ,-1.03e-03 ,-9.48e-04 ,-1.32e-03 ,-5.60e-04 ,-1.64e-04 ,-1.55e-02 ,-3.64e-04 ,1.00e+00 ,0.00e+00 ,0.00e+00 },
{0.00e+00 ,0.00e+00 ,-6.25e-06 ,-6.98e-05 ,6.70e-07 ,4.02e-05 ,2.66e-05 ,6.64e-05 ,9.05e-05 ,3.01e-05 ,4.00e-05 ,-2.66e-04 ,-4.93e-04 ,1.00e+00 ,0.00e+00 },
{0.00e+00 ,0.00e+00 ,0.00e+00 ,0.00e+00 ,0.00e+00 ,0.00e+00 ,0.00e+00 ,0.00e+00 ,0.00e+00 ,0.00e+00 ,0.00e+00 ,0.00e+00 ,0.00e+00 ,-2.33e+04 ,1.00e+00 }
}

Matrix U: 
{
{1.00e+00 ,5.00e-01 ,-3.48e-10 ,1.58e-08 ,1.01e-08 ,1.46e-08 ,1.26e-08 ,1.56e-08 ,-7.91e-12 ,1.56e-08 ,7.73e-11 ,-2.63e-11 ,-3.00e-11 ,0.00e+00 ,0.00e+00 },
{0.00e+00 ,1.00e+00 ,-1.64e-10 ,1.05e-08 ,6.70e-09 ,9.76e-09 ,8.38e-09 ,1.04e-08 ,-2.73e-11 ,1.04e-08 ,8.05e-11 ,1.14e-11 ,-2.00e-11 ,0.00e+00 ,0.00e+00 },
{0.00e+00 ,0.00e+00 ,1.00e+00 ,-3.33e-01 ,-6.67e-01 ,5.41e-04 ,-4.07e-04 ,7.74e-05 ,1.25e-05 ,5.70e-05 ,6.84e-06 ,6.84e-06 ,2.69e-15 ,-6.25e-06 ,0.00e+00 },
{0.00e+00 ,0.00e+00 ,0.00e+00 ,1.00e+00 ,5.07e-01 ,5.62e-02 ,4.39e-02 ,5.48e-02 ,-2.41e-05 ,5.49e-02 ,2.72e-04 ,1.19e-04 ,-1.05e-04 ,-6.98e-05 ,0.00e+00 },
{0.00e+00 ,0.00e+00 ,0.00e+00 ,0.00e+00 ,1.00e+00 ,2.79e-03 ,9.38e-03 ,9.46e-03 ,-1.09e-04 ,9.43e-03 ,-3.97e-06 ,-1.12e-04 ,-7.35e-05 ,6.70e-07 ,0.00e+00 },
{0.00e+00 ,0.00e+00 ,0.00e+00 ,0.00e+00 ,0.00e+00 ,1.00e+00 ,2.81e-01 ,4.96e-01 ,-1.22e-03 ,4.99e-01 ,2.63e-03 ,1.81e-05 ,-1.03e-03 ,4.02e-05 ,0.00e+00 },
{0.00e+00 ,0.00e+00 ,0.00e+00 ,0.00e+00 ,0.00e+00 ,0.00e+00 ,1.00e+00 ,3.73e-01 ,5.35e-04 ,3.68e-01 ,2.14e-03 ,-2.59e-04 ,-9.48e-04 ,2.66e-05 ,0.00e+00 },
{0.00e+00 ,0.00e+00 ,0.00e+00 ,0.00e+00 ,0.00e+00 ,0.00e+00 ,0.00e+00 ,1.00e+00 ,5.45e-03 ,1.00e+00 ,4.17e-03 ,-1.07e-03 ,-1.32e-03 ,6.64e-05 ,0.00e+00 },
{0.00e+00 ,0.00e+00 ,0.00e+00 ,0.00e+00 ,0.00e+00 ,0.00e+00 ,0.00e+00 ,0.00e+00 ,1.00e+00 ,3.42e+00 ,4.96e-01 ,4.92e-01 ,-5.60e-04 ,9.05e-05 ,0.00e+00 },
{0.00e+00 ,0.00e+00 ,0.00e+00 ,0.00e+00 ,0.00e+00 ,0.00e+00 ,0.00e+00 ,0.00e+00 ,0.00e+00 ,1.00e+00 ,1.45e-01 ,1.44e-01 ,-1.64e-04 ,3.01e-05 ,0.00e+00 },
{0.00e+00 ,0.00e+00 ,0.00e+00 ,0.00e+00 ,0.00e+00 ,0.00e+00 ,0.00e+00 ,0.00e+00 ,0.00e+00 ,0.00e+00 ,1.00e+00 ,-8.67e-02 ,-1.55e-02 ,4.00e-05 ,0.00e+00 },
{0.00e+00 ,0.00e+00 ,0.00e+00 ,0.00e+00 ,0.00e+00 ,0.00e+00 ,0.00e+00 ,0.00e+00 ,0.00e+00 ,0.00e+00 ,0.00e+00 ,1.00e+00 ,-3.64e-04 ,-2.66e-04 ,0.00e+00 },
{0.00e+00 ,0.00e+00 ,0.00e+00 ,0.00e+00 ,0.00e+00 ,0.00e+00 ,0.00e+00 ,0.00e+00 ,0.00e+00 ,0.00e+00 ,0.00e+00 ,0.00e+00 ,1.00e+00 ,-4.93e-04 ,0.00e+00 },
{0.00e+00 ,0.00e+00 ,0.00e+00 ,0.00e+00 ,0.00e+00 ,0.00e+00 ,0.00e+00 ,0.00e+00 ,0.00e+00 ,0.00e+00 ,0.00e+00 ,0.00e+00 ,0.00e+00 ,1.00e+00 ,-2.33e+04 },
{0.00e+00 ,0.00e+00 ,0.00e+00 ,0.00e+00 ,0.00e+00 ,0.00e+00 ,0.00e+00 ,0.00e+00 ,0.00e+00 ,0.00e+00 ,0.00e+00 ,0.00e+00 ,0.00e+00 ,0.00e+00 ,1.00e+00 }
}

Matrix D: 
{
{3.33e+10 ,0.00e+00 ,0.00e+00 ,0.00e+00 ,0.00e+00 ,0.00e+00 ,0.00e+00 ,0.00e+00 ,0.00e+00 ,0.00e+00 ,0.00e+00 ,0.00e+00 ,0.00e+00 ,0.00e+00 ,0.00e+00 },
{0.00e+00 ,2.50e+10 ,0.00e+00 ,0.00e+00 ,0.00e+00 ,0.00e+00 ,0.00e+00 ,0.00e+00 ,0.00e+00 ,0.00e+00 ,0.00e+00 ,0.00e+00 ,0.00e+00 ,0.00e+00 ,0.00e+00 },
{0.00e+00 ,0.00e+00 ,-1.60e+05 ,0.00e+00 ,0.00e+00 ,0.00e+00 ,0.00e+00 ,0.00e+00 ,0.00e+00 ,0.00e+00 ,0.00e+00 ,0.00e+00 ,0.00e+00 ,0.00e+00 ,0.00e+00 },
{0.00e+00 ,0.00e+00 ,0.00e+00 ,9.55e+03 ,0.00e+00 ,0.00e+00 ,0.00e+00 ,0.00e+00 ,0.00e+00 ,0.00e+00 ,0.00e+00 ,0.00e+00 ,0.00e+00 ,0.00e+00 ,0.00e+00 },
{0.00e+00 ,0.00e+00 ,0.00e+00 ,0.00e+00 ,6.71e+03 ,0.00e+00 ,0.00e+00 ,0.00e+00 ,0.00e+00 ,0.00e+00 ,0.00e+00 ,0.00e+00 ,0.00e+00 ,0.00e+00 ,0.00e+00 },
{0.00e+00 ,0.00e+00 ,0.00e+00 ,0.00e+00 ,0.00e+00 ,9.19e+02 ,0.00e+00 ,0.00e+00 ,0.00e+00 ,0.00e+00 ,0.00e+00 ,0.00e+00 ,0.00e+00 ,0.00e+00 ,0.00e+00 },
{0.00e+00 ,0.00e+00 ,0.00e+00 ,0.00e+00 ,0.00e+00 ,0.00e+00 ,7.24e+02 ,0.00e+00 ,0.00e+00 ,0.00e+00 ,0.00e+00 ,0.00e+00 ,0.00e+00 ,0.00e+00 ,0.00e+00 },
{0.00e+00 ,0.00e+00 ,0.00e+00 ,0.00e+00 ,0.00e+00 ,0.00e+00 ,0.00e+00 ,1.65e+02 ,0.00e+00 ,0.00e+00 ,0.00e+00 ,0.00e+00 ,0.00e+00 ,0.00e+00 ,0.00e+00 },
{0.00e+00 ,0.00e+00 ,0.00e+00 ,0.00e+00 ,0.00e+00 ,0.00e+00 ,0.00e+00 ,0.00e+00 ,-5.88e-01 ,0.00e+00 ,0.00e+00 ,0.00e+00 ,0.00e+00 ,0.00e+00 ,0.00e+00 },
{0.00e+00 ,0.00e+00 ,0.00e+00 ,0.00e+00 ,0.00e+00 ,0.00e+00 ,0.00e+00 ,0.00e+00 ,0.00e+00 ,6.88e+00 ,0.00e+00 ,0.00e+00 ,0.00e+00 ,0.00e+00 ,0.00e+00 },
{0.00e+00 ,0.00e+00 ,0.00e+00 ,0.00e+00 ,0.00e+00 ,0.00e+00 ,0.00e+00 ,0.00e+00 ,0.00e+00 ,0.00e+00 ,-3.31e-01 ,0.00e+00 ,0.00e+00 ,0.00e+00 ,0.00e+00 },
{0.00e+00 ,0.00e+00 ,0.00e+00 ,0.00e+00 ,0.00e+00 ,0.00e+00 ,0.00e+00 ,0.00e+00 ,0.00e+00 ,0.00e+00 ,0.00e+00 ,-3.16e-01 ,0.00e+00 ,0.00e+00 ,0.00e+00 },
{0.00e+00 ,0.00e+00 ,0.00e+00 ,0.00e+00 ,0.00e+00 ,0.00e+00 ,0.00e+00 ,0.00e+00 ,0.00e+00 ,0.00e+00 ,0.00e+00 ,0.00e+00 ,-1.97e-03 ,0.00e+00 ,0.00e+00 },
{0.00e+00 ,0.00e+00 ,0.00e+00 ,0.00e+00 ,0.00e+00 ,0.00e+00 ,0.00e+00 ,0.00e+00 ,0.00e+00 ,0.00e+00 ,0.00e+00 ,0.00e+00 ,0.00e+00 ,-4.30e-05 ,0.00e+00 },
{0.00e+00 ,0.00e+00 ,0.00e+00 ,0.00e+00 ,0.00e+00 ,0.00e+00 ,0.00e+00 ,0.00e+00 ,0.00e+00 ,0.00e+00 ,0.00e+00 ,0.00e+00 ,0.00e+00 ,0.00e+00 ,2.33e+04 }
}

Permuted Rows: 
{
{0.00e+00 ,0.00e+00 ,0.00e+00 ,1.00e+00 ,0.00e+00 ,0.00e+00 ,0.00e+00 ,0.00e+00 ,0.00e+00 ,0.00e+00 ,0.00e+00 ,0.00e+00 ,0.00e+00 ,0.00e+00 ,0.00e+00 },
{0.00e+00 ,0.00e+00 ,0.00e+00 ,0.00e+00 ,0.00e+00 ,0.00e+00 ,0.00e+00 ,0.00e+00 ,0.00e+00 ,0.00e+00 ,0.00e+00 ,0.00e+00 ,0.00e+00 ,0.00e+00 ,1.00e+00 },
{0.00e+00 ,0.00e+00 ,0.00e+00 ,0.00e+00 ,0.00e+00 ,0.00e+00 ,0.00e+00 ,0.00e+00 ,1.00e+00 ,0.00e+00 ,0.00e+00 ,0.00e+00 ,0.00e+00 ,0.00e+00 ,0.00e+00 },
{0.00e+00 ,0.00e+00 ,0.00e+00 ,0.00e+00 ,0.00e+00 ,0.00e+00 ,0.00e+00 ,1.00e+00 ,0.00e+00 ,0.00e+00 ,0.00e+00 ,0.00e+00 ,0.00e+00 ,0.00e+00 ,0.00e+00 },
{0.00e+00 ,0.00e+00 ,0.00e+00 ,0.00e+00 ,0.00e+00 ,0.00e+00 ,1.00e+00 ,0.00e+00 ,0.00e+00 ,0.00e+00 ,0.00e+00 ,0.00e+00 ,0.00e+00 ,0.00e+00 ,0.00e+00 },
{0.00e+00 ,0.00e+00 ,0.00e+00 ,0.00e+00 ,0.00e+00 ,1.00e+00 ,0.00e+00 ,0.00e+00 ,0.00e+00 ,0.00e+00 ,0.00e+00 ,0.00e+00 ,0.00e+00 ,0.00e+00 ,0.00e+00 },
{1.00e+00 ,0.00e+00 ,0.00e+00 ,0.00e+00 ,0.00e+00 ,0.00e+00 ,0.00e+00 ,0.00e+00 ,0.00e+00 ,0.00e+00 ,0.00e+00 ,0.00e+00 ,0.00e+00 ,0.00e+00 ,0.00e+00 },
{0.00e+00 ,0.00e+00 ,0.00e+00 ,0.00e+00 ,0.00e+00 ,0.00e+00 ,0.00e+00 ,0.00e+00 ,0.00e+00 ,0.00e+00 ,1.00e+00 ,0.00e+00 ,0.00e+00 ,0.00e+00 ,0.00e+00 },
{0.00e+00 ,0.00e+00 ,0.00e+00 ,0.00e+00 ,0.00e+00 ,0.00e+00 ,0.00e+00 ,0.00e+00 ,0.00e+00 ,0.00e+00 ,0.00e+00 ,0.00e+00 ,1.00e+00 ,0.00e+00 ,0.00e+00 },
{0.00e+00 ,1.00e+00 ,0.00e+00 ,0.00e+00 ,0.00e+00 ,0.00e+00 ,0.00e+00 ,0.00e+00 ,0.00e+00 ,0.00e+00 ,0.00e+00 ,0.00e+00 ,0.00e+00 ,0.00e+00 ,0.00e+00 },
{0.00e+00 ,0.00e+00 ,0.00e+00 ,0.00e+00 ,0.00e+00 ,0.00e+00 ,0.00e+00 ,0.00e+00 ,0.00e+00 ,0.00e+00 ,0.00e+00 ,1.00e+00 ,0.00e+00 ,0.00e+00 ,0.00e+00 },
{0.00e+00 ,0.00e+00 ,0.00e+00 ,0.00e+00 ,0.00e+00 ,0.00e+00 ,0.00e+00 ,0.00e+00 ,0.00e+00 ,0.00e+00 ,0.00e+00 ,0.00e+00 ,0.00e+00 ,1.00e+00 ,0.00e+00 },
{0.00e+00 ,0.00e+00 ,0.00e+00 ,0.00e+00 ,1.00e+00 ,0.00e+00 ,0.00e+00 ,0.00e+00 ,0.00e+00 ,0.00e+00 ,0.00e+00 ,0.00e+00 ,0.00e+00 ,0.00e+00 ,0.00e+00 },
{0.00e+00 ,0.00e+00 ,1.00e+00 ,0.00e+00 ,0.00e+00 ,0.00e+00 ,0.00e+00 ,0.00e+00 ,0.00e+00 ,0.00e+00 ,0.00e+00 ,0.00e+00 ,0.00e+00 ,0.00e+00 ,0.00e+00 },
{0.00e+00 ,0.00e+00 ,0.00e+00 ,0.00e+00 ,0.00e+00 ,0.00e+00 ,0.00e+00 ,0.00e+00 ,0.00e+00 ,1.00e+00 ,0.00e+00 ,0.00e+00 ,0.00e+00 ,0.00e+00 ,0.00e+00 }
}

Permuted Columns: 
{
{0.00e+00 ,0.00e+00 ,0.00e+00 ,0.00e+00 ,0.00e+00 ,0.00e+00 ,1.00e+00 ,0.00e+00 ,0.00e+00 ,0.00e+00 ,0.00e+00 ,0.00e+00 ,0.00e+00 ,0.00e+00 ,0.00e+00 },
{0.00e+00 ,0.00e+00 ,0.00e+00 ,0.00e+00 ,0.00e+00 ,0.00e+00 ,0.00e+00 ,0.00e+00 ,0.00e+00 ,1.00e+00 ,0.00e+00 ,0.00e+00 ,0.00e+00 ,0.00e+00 ,0.00e+00 },
{0.00e+00 ,0.00e+00 ,0.00e+00 ,0.00e+00 ,0.00e+00 ,0.00e+00 ,0.00e+00 ,0.00e+00 ,0.00e+00 ,0.00e+00 ,0.00e+00 ,0.00e+00 ,0.00e+00 ,1.00e+00 ,0.00e+00 },
{1.00e+00 ,0.00e+00 ,0.00e+00 ,0.00e+00 ,0.00e+00 ,0.00e+00 ,0.00e+00 ,0.00e+00 ,0.00e+00 ,0.00e+00 ,0.00e+00 ,0.00e+00 ,0.00e+00 ,0.00e+00 ,0.00e+00 },
{0.00e+00 ,0.00e+00 ,0.00e+00 ,0.00e+00 ,0.00e+00 ,0.00e+00 ,0.00e+00 ,0.00e+00 ,0.00e+00 ,0.00e+00 ,0.00e+00 ,0.00e+00 ,1.00e+00 ,0.00e+00 ,0.00e+00 },
{0.00e+00 ,0.00e+00 ,0.00e+00 ,0.00e+00 ,0.00e+00 ,1.00e+00 ,0.00e+00 ,0.00e+00 ,0.00e+00 ,0.00e+00 ,0.00e+00 ,0.00e+00 ,0.00e+00 ,0.00e+00 ,0.00e+00 },
{0.00e+00 ,0.00e+00 ,0.00e+00 ,0.00e+00 ,1.00e+00 ,0.00e+00 ,0.00e+00 ,0.00e+00 ,0.00e+00 ,0.00e+00 ,0.00e+00 ,0.00e+00 ,0.00e+00 ,0.00e+00 ,0.00e+00 },
{0.00e+00 ,0.00e+00 ,0.00e+00 ,1.00e+00 ,0.00e+00 ,0.00e+00 ,0.00e+00 ,0.00e+00 ,0.00e+00 ,0.00e+00 ,0.00e+00 ,0.00e+00 ,0.00e+00 ,0.00e+00 ,0.00e+00 },
{0.00e+00 ,0.00e+00 ,1.00e+00 ,0.00e+00 ,0.00e+00 ,0.00e+00 ,0.00e+00 ,0.00e+00 ,0.00e+00 ,0.00e+00 ,0.00e+00 ,0.00e+00 ,0.00e+00 ,0.00e+00 ,0.00e+00 },
{0.00e+00 ,0.00e+00 ,0.00e+00 ,0.00e+00 ,0.00e+00 ,0.00e+00 ,0.00e+00 ,0.00e+00 ,0.00e+00 ,0.00e+00 ,0.00e+00 ,0.00e+00 ,0.00e+00 ,0.00e+00 ,1.00e+00 },
{0.00e+00 ,0.00e+00 ,0.00e+00 ,0.00e+00 ,0.00e+00 ,0.00e+00 ,0.00e+00 ,1.00e+00 ,0.00e+00 ,0.00e+00 ,0.00e+00 ,0.00e+00 ,0.00e+00 ,0.00e+00 ,0.00e+00 },
{0.00e+00 ,0.00e+00 ,0.00e+00 ,0.00e+00 ,0.00e+00 ,0.00e+00 ,0.00e+00 ,0.00e+00 ,0.00e+00 ,0.00e+00 ,1.00e+00 ,0.00e+00 ,0.00e+00 ,0.00e+00 ,0.00e+00 },
{0.00e+00 ,0.00e+00 ,0.00e+00 ,0.00e+00 ,0.00e+00 ,0.00e+00 ,0.00e+00 ,0.00e+00 ,1.00e+00 ,0.00e+00 ,0.00e+00 ,0.00e+00 ,0.00e+00 ,0.00e+00 ,0.00e+00 },
{0.00e+00 ,0.00e+00 ,0.00e+00 ,0.00e+00 ,0.00e+00 ,0.00e+00 ,0.00e+00 ,0.00e+00 ,0.00e+00 ,0.00e+00 ,0.00e+00 ,1.00e+00 ,0.00e+00 ,0.00e+00 ,0.00e+00 },
{0.00e+00 ,1.00e+00 ,0.00e+00 ,0.00e+00 ,0.00e+00 ,0.00e+00 ,0.00e+00 ,0.00e+00 ,0.00e+00 ,0.00e+00 ,0.00e+00 ,0.00e+00 ,0.00e+00 ,0.00e+00 ,0.00e+00 }
}

Inverse of A: 
{
{2.11e-03 ,-6.01e-04 ,0.00e+00 ,4.92e-14 ,-2.22e-01 ,4.34e-04 ,-1.33e-05 ,4.90e-06 ,-6.40e-06 ,-1.97e-06 ,-1.94e-03 ,7.98e-04 ,-2.49e-03 ,3.00e-03 ,-1.19e-13 },
{-6.01e-04 ,2.06e-03 ,0.00e+00 ,1.98e-11 ,1.09e+00 ,-1.94e-03 ,6.98e-05 ,-1.35e-04 ,1.50e-06 ,-6.70e-05 ,5.47e-04 ,4.98e-01 ,-4.97e-01 ,4.96e-01 ,-3.98e-11 },
{-2.19e-16 ,2.33e-16 ,-0.00e+00 ,-2.97e-25 ,-1.33e-13 ,-1.14e-16 ,1.91e-15 ,-6.98e-16 ,4.84e-16 ,1.00e+00 ,-2.48e-15 ,-6.49e-15 ,-1.43e-17 ,-2.78e-15 ,8.40e-26 },
{4.92e-14 ,1.98e-11 ,0.00e+00 ,4.00e-11 ,-1.34e-10 ,-1.19e-13 ,-1.81e-14 ,1.91e-14 ,-4.33e-15 ,5.29e-15 ,-3.98e-11 ,-5.56e-11 ,2.74e-14 ,-9.42e-11 ,-2.00e-11 },
{-2.22e-01 ,1.09e+00 ,0.00e+00 ,-1.34e-10 ,-5.08e+02 ,-1.26e-01 ,-2.89e-02 ,1.54e-02 ,-1.41e-02 ,4.93e-04 ,-1.73e+00 ,-7.90e+00 ,8.40e-04 ,-1.85e-01 ,2.17e-10 },
{4.34e-04 ,-1.94e-03 ,-0.00e+00 ,-1.19e-13 ,-1.26e-01 ,2.11e-03 ,4.90e-06 ,-1.33e-05 ,-1.97e-06 ,-6.40e-06 ,-6.01e-04 ,-3.00e-03 ,2.49e-03 ,-7.98e-04 ,4.93e-14 },
{-1.33e-05 ,6.98e-05 ,0.00e+00 ,-1.81e-14 ,-2.89e-02 ,4.90e-06 ,1.48e-04 ,-7.38e-05 ,7.38e-05 ,5.12e-08 ,-1.35e-04 ,-6.30e-04 ,2.21e-08 ,-3.55e-04 ,1.91e-14 },
{4.90e-06 ,-1.35e-04 ,0.00e+00 ,1.91e-14 ,1.54e-02 ,-1.33e-05 ,-7.38e-05 ,1.48e-04 ,4.67e-08 ,7.38e-05 ,6.98e-05 ,3.55e-04 ,-4.27e-08 ,6.30e-04 ,-1.81e-14 },
{-6.40e-06 ,1.50e-06 ,0.00e+00 ,-4.33e-15 ,-1.41e-02 ,-1.97e-06 ,7.38e-05 ,4.67e-08 ,4.30e-05 ,3.09e-05 ,-6.70e-05 ,-2.67e-04 ,-1.25e-05 ,9.25e-06 ,5.29e-15 },
{-1.97e-06 ,-6.70e-05 ,1.00e+00 ,5.29e-15 ,4.93e-04 ,-6.40e-06 ,5.12e-08 ,7.38e-05 ,3.09e-05 ,4.30e-05 ,1.50e-06 ,-9.25e-06 ,1.25e-05 ,2.67e-04 ,-4.33e-15 },
{-1.94e-03 ,5.47e-04 ,0.00e+00 ,-3.98e-11 ,-1.73e+00 ,-6.01e-04 ,-1.35e-04 ,6.98e-05 ,-6.70e-05 ,1.50e-06 ,2.06e-03 ,-4.96e-01 ,4.97e-01 ,-4.98e-01 ,1.98e-11 },
{7.98e-04 ,4.98e-01 ,0.00e+00 ,-5.56e-11 ,-7.90e+00 ,-3.00e-03 ,-6.30e-04 ,3.55e-04 ,-2.67e-04 ,-9.25e-06 ,-4.96e-01 ,-3.17e+00 ,2.65e-04 ,-2.77e-01 ,9.42e-11 },
{-2.49e-03 ,-4.97e-01 ,0.00e+00 ,2.74e-14 ,8.40e-04 ,2.49e-03 ,2.21e-08 ,-4.27e-08 ,-1.25e-05 ,1.25e-05 ,4.97e-01 ,2.65e-04 ,-2.59e-04 ,2.60e-04 ,-2.74e-14 },
{3.00e-03 ,4.96e-01 ,-0.00e+00 ,-9.42e-11 ,-1.85e-01 ,-7.98e-04 ,-3.55e-04 ,6.30e-04 ,9.25e-06 ,2.67e-04 ,-4.98e-01 ,-2.77e-01 ,2.60e-04 ,-3.17e+00 ,5.56e-11 },
{-1.19e-13 ,-3.98e-11 ,0.00e+00 ,-2.00e-11 ,2.17e-10 ,4.93e-14 ,1.91e-14 ,-1.81e-14 ,5.29e-15 ,-4.33e-15 ,1.98e-11 ,9.42e-11 ,-2.74e-14 ,5.56e-11 ,4.00e-11 }
}

Inverse of L: 
{
{1.00e+00 ,0.00e+00 ,0.00e+00 ,0.00e+00 ,0.00e+00 ,0.00e+00 ,0.00e+00 ,0.00e+00 ,0.00e+00 ,0.00e+00 ,0.00e+00 ,0.00e+00 ,0.00e+00 ,0.00e+00 ,0.00e+00 },
{-5.00e-01 ,1.00e+00 ,0.00e+00 ,0.00e+00 ,0.00e+00 ,0.00e+00 ,0.00e+00 ,0.00e+00 ,0.00e+00 ,0.00e+00 ,0.00e+00 ,0.00e+00 ,0.00e+00 ,0.00e+00 ,0.00e+00 },
{2.66e-10 ,1.64e-10 ,1.00e+00 ,0.00e+00 ,0.00e+00 ,0.00e+00 ,0.00e+00 ,0.00e+00 ,0.00e+00 ,0.00e+00 ,0.00e+00 ,0.00e+00 ,0.00e+00 ,0.00e+00 ,0.00e+00 },
{-1.05e-08 ,-1.05e-08 ,3.33e-01 ,1.00e+00 ,0.00e+00 ,0.00e+00 ,0.00e+00 ,0.00e+00 ,0.00e+00 ,0.00e+00 ,0.00e+00 ,0.00e+00 ,0.00e+00 ,0.00e+00 ,0.00e+00 },
{-1.25e-09 ,-1.29e-09 ,4.98e-01 ,-5.07e-01 ,1.00e+00 ,0.00e+00 ,0.00e+00 ,0.00e+00 ,0.00e+00 ,0.00e+00 ,0.00e+00 ,0.00e+00 ,0.00e+00 ,0.00e+00 ,0.00e+00 },
{-9.11e-09 ,-9.16e-09 ,-2.07e-02 ,-5.48e-02 ,-2.79e-03 ,1.00e+00 ,0.00e+00 ,0.00e+00 ,0.00e+00 ,0.00e+00 ,0.00e+00 ,0.00e+00 ,0.00e+00 ,0.00e+00 ,0.00e+00 },
{-5.39e-09 ,-5.33e-09 ,-1.31e-02 ,-2.37e-02 ,-8.60e-03 ,-2.81e-01 ,1.00e+00 ,0.00e+00 ,0.00e+00 ,0.00e+00 ,0.00e+00 ,0.00e+00 ,0.00e+00 ,0.00e+00 ,0.00e+00 },
{-3.28e-09 ,-3.28e-09 ,-7.94e-03 ,-1.40e-02 ,-4.88e-03 ,-3.91e-01 ,-3.73e-01 ,1.00e+00 ,0.00e+00 ,0.00e+00 ,0.00e+00 ,0.00e+00 ,0.00e+00 ,0.00e+00 ,0.00e+00 },
{3.53e-12 ,3.65e-11 ,7.48e-05 ,-8.62e-06 ,1.37e-04 ,3.50e-03 ,1.50e-03 ,-5.45e-03 ,1.00e+00 ,0.00e+00 ,0.00e+00 ,0.00e+00 ,0.00e+00 ,0.00e+00 ,0.00e+00 },
{-1.21e-11 ,-1.25e-10 ,-2.31e-04 ,2.94e-05 ,-4.67e-04 ,-1.70e-02 ,-1.19e-04 ,-9.81e-01 ,-3.42e+00 ,1.00e+00 ,-0.00e+00 ,-0.00e+00 ,-0.00e+00 ,-0.00e+00 ,-0.00e+00 },
{1.50e-11 ,-2.85e-11 ,1.64e-05 ,-2.04e-05 ,5.01e-05 ,3.24e-04 ,-1.32e-03 ,1.41e-01 ,-7.61e-05 ,-1.45e-01 ,1.00e+00 ,0.00e+00 ,0.00e+00 ,0.00e+00 ,0.00e+00 },
{2.97e-11 ,-1.75e-11 ,-4.54e-06 ,-1.97e-04 ,1.09e-04 ,2.38e-04 ,-9.73e-04 ,1.57e-01 ,-8.19e-05 ,-1.56e-01 ,8.67e-02 ,1.00e+00 ,0.00e+00 ,0.00e+00 ,0.00e+00 },
{2.63e-13 ,-4.27e-13 ,2.76e-05 ,-3.02e-05 ,5.69e-05 ,2.48e-04 ,4.36e-04 ,3.40e-03 ,-1.65e-06 ,-2.14e-03 ,1.55e-02 ,3.64e-04 ,1.00e+00 ,0.00e+00 ,0.00e+00 },
{5.29e-15 ,-4.33e-15 ,3.09e-05 ,7.38e-05 ,5.12e-08 ,-6.40e-06 ,-1.97e-06 ,1.50e-06 ,1.25e-05 ,-6.70e-05 ,-9.25e-06 ,2.67e-04 ,4.93e-04 ,1.00e+00 ,-0.00e+00 },
{1.23e-10 ,-1.01e-10 ,7.19e-01 ,1.72e+00 ,1.19e-03 ,-1.49e-01 ,-4.59e-02 ,3.49e-02 ,2.90e-01 ,-1.56e+00 ,-2.15e-01 ,6.20e+00 ,1.15e+01 ,2.33e+04 ,1.00e+00 }
}

Inverse of U: 
{
{1.00e+00 ,-5.00e-01 ,2.66e-10 ,-1.05e-08 ,-1.25e-09 ,-9.11e-09 ,-5.39e-09 ,-3.28e-09 ,3.53e-12 ,-1.21e-11 ,1.50e-11 ,2.97e-11 ,2.63e-13 ,5.29e-15 ,1.23e-10 },
{0.00e+00 ,1.00e+00 ,1.64e-10 ,-1.05e-08 ,-1.29e-09 ,-9.16e-09 ,-5.33e-09 ,-3.28e-09 ,3.65e-11 ,-1.25e-10 ,-2.85e-11 ,-1.75e-11 ,-4.27e-13 ,-4.33e-15 ,-1.01e-10 },
{0.00e+00 ,0.00e+00 ,1.00e+00 ,3.33e-01 ,4.98e-01 ,-2.07e-02 ,-1.31e-02 ,-7.94e-03 ,7.48e-05 ,-2.31e-04 ,1.64e-05 ,-4.54e-06 ,2.76e-05 ,3.09e-05 ,7.19e-01 },
{0.00e+00 ,0.00e+00 ,0.00e+00 ,1.00e+00 ,-5.07e-01 ,-5.48e-02 ,-2.37e-02 ,-1.40e-02 ,-8.62e-06 ,2.94e-05 ,-2.04e-05 ,-1.97e-04 ,-3.02e-05 ,7.38e-05 ,1.72e+00 },
{0.00e+00 ,0.00e+00 ,0.00e+00 ,0.00e+00 ,1.00e+00 ,-2.79e-03 ,-8.60e-03 ,-4.88e-03 ,1.37e-04 ,-4.67e-04 ,5.01e-05 ,1.09e-04 ,5.69e-05 ,5.12e-08 ,1.19e-03 },
{0.00e+00 ,0.00e+00 ,0.00e+00 ,0.00e+00 ,0.00e+00 ,1.00e+00 ,-2.81e-01 ,-3.91e-01 ,3.50e-03 ,-1.70e-02 ,3.24e-04 ,2.38e-04 ,2.48e-04 ,-6.40e-06 ,-1.49e-01 },
{0.00e+00 ,0.00e+00 ,0.00e+00 ,0.00e+00 ,0.00e+00 ,0.00e+00 ,1.00e+00 ,-3.73e-01 ,1.50e-03 ,-1.19e-04 ,-1.32e-03 ,-9.73e-04 ,4.36e-04 ,-1.97e-06 ,-4.59e-02 },
{0.00e+00 ,0.00e+00 ,0.00e+00 ,0.00e+00 ,0.00e+00 ,0.00e+00 ,0.00e+00 ,1.00e+00 ,-5.45e-03 ,-9.81e-01 ,1.41e-01 ,1.57e-01 ,3.40e-03 ,1.50e-06 ,3.49e-02 },
{0.00e+00 ,0.00e+00 ,0.00e+00 ,0.00e+00 ,0.00e+00 ,0.00e+00 ,0.00e+00 ,0.00e+00 ,1.00e+00 ,-3.42e+00 ,-7.61e-05 ,-8.19e-05 ,-1.65e-06 ,1.25e-05 ,2.90e-01 },
{0.00e+00 ,0.00e+00 ,0.00e+00 ,0.00e+00 ,0.00e+00 ,0.00e+00 ,0.00e+00 ,0.00e+00 ,0.00e+00 ,1.00e+00 ,-1.45e-01 ,-1.56e-01 ,-2.14e-03 ,-6.70e-05 ,-1.56e+00 },
{0.00e+00 ,0.00e+00 ,0.00e+00 ,0.00e+00 ,0.00e+00 ,0.00e+00 ,0.00e+00 ,0.00e+00 ,0.00e+00 ,0.00e+00 ,1.00e+00 ,8.67e-02 ,1.55e-02 ,-9.25e-06 ,-2.15e-01 },
{0.00e+00 ,0.00e+00 ,0.00e+00 ,0.00e+00 ,0.00e+00 ,0.00e+00 ,0.00e+00 ,0.00e+00 ,0.00e+00 ,0.00e+00 ,0.00e+00 ,1.00e+00 ,3.64e-04 ,2.67e-04 ,6.20e+00 },
{0.00e+00 ,0.00e+00 ,0.00e+00 ,0.00e+00 ,0.00e+00 ,0.00e+00 ,0.00e+00 ,0.00e+00 ,0.00e+00 ,0.00e+00 ,0.00e+00 ,0.00e+00 ,1.00e+00 ,4.93e-04 ,1.15e+01 },
{0.00e+00 ,0.00e+00 ,0.00e+00 ,0.00e+00 ,0.00e+00 ,0.00e+00 ,0.00e+00 ,0.00e+00 ,0.00e+00 ,0.00e+00 ,0.00e+00 ,0.00e+00 ,0.00e+00 ,1.00e+00 ,2.33e+04 },
{0.00e+00 ,0.00e+00 ,0.00e+00 ,0.00e+00 ,0.00e+00 ,0.00e+00 ,0.00e+00 ,0.00e+00 ,0.00e+00 ,0.00e+00 ,0.00e+00 ,0.00e+00 ,0.00e+00 ,0.00e+00 ,1.00e+00 }
}

Inverse of D: 
{
{3.00e-11 ,0.00e+00 ,0.00e+00 ,0.00e+00 ,0.00e+00 ,0.00e+00 ,0.00e+00 ,0.00e+00 ,0.00e+00 ,0.00e+00 ,0.00e+00 ,0.00e+00 ,0.00e+00 ,0.00e+00 ,0.00e+00 },
{0.00e+00 ,4.00e-11 ,0.00e+00 ,0.00e+00 ,0.00e+00 ,0.00e+00 ,0.00e+00 ,0.00e+00 ,0.00e+00 ,0.00e+00 ,0.00e+00 ,0.00e+00 ,0.00e+00 ,0.00e+00 ,0.00e+00 },
{-0.00e+00 ,-0.00e+00 ,-6.25e-06 ,-0.00e+00 ,-0.00e+00 ,-0.00e+00 ,-0.00e+00 ,-0.00e+00 ,-0.00e+00 ,-0.00e+00 ,-0.00e+00 ,-0.00e+00 ,-0.00e+00 ,-0.00e+00 ,-0.00e+00 },
{0.00e+00 ,0.00e+00 ,0.00e+00 ,1.05e-04 ,0.00e+00 ,0.00e+00 ,0.00e+00 ,0.00e+00 ,0.00e+00 ,0.00e+00 ,0.00e+00 ,0.00e+00 ,0.00e+00 ,0.00e+00 ,0.00e+00 },
{0.00e+00 ,0.00e+00 ,0.00e+00 ,0.00e+00 ,1.49e-04 ,0.00e+00 ,0.00e+00 ,0.00e+00 ,0.00e+00 ,0.00e+00 ,0.00e+00 ,0.00e+00 ,0.00e+00 ,0.00e+00 ,0.00e+00 },
{0.00e+00 ,0.00e+00 ,0.00e+00 ,0.00e+00 ,0.00e+00 ,1.09e-03 ,0.00e+00 ,0.00e+00 ,0.00e+00 ,0.00e+00 ,0.00e+00 ,0.00e+00 ,0.00e+00 ,0.00e+00 ,0.00e+00 },
{0.00e+00 ,0.00e+00 ,0.00e+00 ,0.00e+00 ,0.00e+00 ,0.00e+00 ,1.38e-03 ,0.00e+00 ,0.00e+00 ,0.00e+00 ,0.00e+00 ,0.00e+00 ,0.00e+00 ,0.00e+00 ,0.00e+00 },
{0.00e+00 ,0.00e+00 ,0.00e+00 ,0.00e+00 ,0.00e+00 ,0.00e+00 ,0.00e+00 ,6.07e-03 ,0.00e+00 ,0.00e+00 ,0.00e+00 ,0.00e+00 ,0.00e+00 ,0.00e+00 ,0.00e+00 },
{-0.00e+00 ,-0.00e+00 ,-0.00e+00 ,-0.00e+00 ,-0.00e+00 ,-0.00e+00 ,-0.00e+00 ,-0.00e+00 ,-1.70e+00 ,-0.00e+00 ,-0.00e+00 ,-0.00e+00 ,-0.00e+00 ,-0.00e+00 ,-0.00e+00 },
{0.00e+00 ,0.00e+00 ,0.00e+00 ,0.00e+00 ,0.00e+00 ,0.00e+00 ,0.00e+00 ,0.00e+00 ,0.00e+00 ,1.45e-01 ,0.00e+00 ,0.00e+00 ,0.00e+00 ,0.00e+00 ,0.00e+00 },
{-0.00e+00 ,-0.00e+00 ,-0.00e+00 ,-0.00e+00 ,-0.00e+00 ,-0.00e+00 ,-0.00e+00 ,-0.00e+00 ,-0.00e+00 ,-0.00e+00 ,-3.02e+00 ,-0.00e+00 ,-0.00e+00 ,-0.00e+00 ,-0.00e+00 },
{-0.00e+00 ,-0.00e+00 ,-0.00e+00 ,-0.00e+00 ,-0.00e+00 ,-0.00e+00 ,-0.00e+00 ,-0.00e+00 ,-0.00e+00 ,-0.00e+00 ,-0.00e+00 ,-3.17e+00 ,-0.00e+00 ,-0.00e+00 ,-0.00e+00 },
{-0.00e+00 ,-0.00e+00 ,-0.00e+00 ,-0.00e+00 ,-0.00e+00 ,-0.00e+00 ,-0.00e+00 ,-0.00e+00 ,-0.00e+00 ,-0.00e+00 ,-0.00e+00 ,-0.00e+00 ,-5.08e+02 ,-0.00e+00 ,-0.00e+00 },
{-0.00e+00 ,-0.00e+00 ,-0.00e+00 ,-0.00e+00 ,-0.00e+00 ,-0.00e+00 ,-0.00e+00 ,-0.00e+00 ,-0.00e+00 ,-0.00e+00 ,-0.00e+00 ,-0.00e+00 ,-0.00e+00 ,-2.33e+04 ,-0.00e+00 },
{0.00e+00 ,0.00e+00 ,0.00e+00 ,0.00e+00 ,0.00e+00 ,0.00e+00 ,0.00e+00 ,0.00e+00 ,0.00e+00 ,0.00e+00 ,0.00e+00 ,0.00e+00 ,0.00e+00 ,0.00e+00 ,4.30e-05 }
}

Inverse of A Decomposed: 
{
{2.11e-03 ,-6.01e-04 ,-2.79e-17 ,4.92e-14 ,-2.22e-01 ,4.34e-04 ,-1.33e-05 ,4.90e-06 ,-6.40e-06 ,-1.97e-06 ,-1.94e-03 ,7.98e-04 ,-2.49e-03 ,3.00e-03 ,-1.19e-13 },
{-6.01e-04 ,2.06e-03 ,-4.13e-16 ,1.98e-11 ,1.09e+00 ,-1.94e-03 ,6.98e-05 ,-1.35e-04 ,1.50e-06 ,-6.70e-05 ,5.47e-04 ,4.98e-01 ,-4.97e-01 ,4.96e-01 ,-3.98e-11 },
{0.00e+00 ,0.00e+00 ,0.00e+00 ,0.00e+00 ,0.00e+00 ,0.00e+00 ,0.00e+00 ,0.00e+00 ,0.00e+00 ,1.00e+00 ,0.00e+00 ,2.78e-17 ,0.00e+00 ,0.00e+00 ,0.00e+00 },
{4.92e-14 ,1.98e-11 ,2.54e-24 ,4.00e-11 ,-1.34e-10 ,-1.19e-13 ,-1.81e-14 ,1.91e-14 ,-4.33e-15 ,5.29e-15 ,-3.98e-11 ,-5.56e-11 ,2.74e-14 ,-9.42e-11 ,-2.00e-11 },
{-2.22e-01 ,1.09e+00 ,-6.39e-16 ,-1.34e-10 ,-5.08e+02 ,-1.26e-01 ,-2.89e-02 ,1.54e-02 ,-1.41e-02 ,4.93e-04 ,-1.73e+00 ,-7.90e+00 ,8.40e-04 ,-1.85e-01 ,2.17e-10 },
{4.34e-04 ,-1.94e-03 ,-1.72e-16 ,-1.19e-13 ,-1.26e-01 ,2.11e-03 ,4.90e-06 ,-1.33e-05 ,-1.97e-06 ,-6.40e-06 ,-6.01e-04 ,-3.00e-03 ,2.49e-03 ,-7.98e-04 ,4.93e-14 },
{-1.33e-05 ,6.98e-05 ,9.70e-19 ,-1.81e-14 ,-2.89e-02 ,4.90e-06 ,1.48e-04 ,-7.38e-05 ,7.38e-05 ,5.12e-08 ,-1.35e-04 ,-6.30e-04 ,2.21e-08 ,-3.55e-04 ,1.91e-14 },
{4.90e-06 ,-1.35e-04 ,2.96e-16 ,1.91e-14 ,1.54e-02 ,-1.33e-05 ,-7.38e-05 ,1.48e-04 ,4.67e-08 ,7.38e-05 ,6.98e-05 ,3.55e-04 ,-4.27e-08 ,6.30e-04 ,-1.81e-14 },
{-6.40e-06 ,1.50e-06 ,1.79e-16 ,-4.33e-15 ,-1.41e-02 ,-1.97e-06 ,7.38e-05 ,4.67e-08 ,4.30e-05 ,3.09e-05 ,-6.70e-05 ,-2.67e-04 ,-1.25e-05 ,9.25e-06 ,5.29e-15 },
{-1.97e-06 ,-6.70e-05 ,1.00e+00 ,5.29e-15 ,4.93e-04 ,-6.40e-06 ,5.12e-08 ,7.38e-05 ,3.09e-05 ,4.30e-05 ,1.50e-06 ,-9.25e-06 ,1.25e-05 ,2.67e-04 ,-4.33e-15 },
{-1.94e-03 ,5.47e-04 ,3.23e-16 ,-3.98e-11 ,-1.73e+00 ,-6.01e-04 ,-1.35e-04 ,6.98e-05 ,-6.70e-05 ,1.50e-06 ,2.06e-03 ,-4.96e-01 ,4.97e-01 ,-4.98e-01 ,1.98e-11 },
{7.98e-04 ,4.98e-01 ,-7.25e-17 ,-5.56e-11 ,-7.90e+00 ,-3.00e-03 ,-6.30e-04 ,3.55e-04 ,-2.67e-04 ,-9.25e-06 ,-4.96e-01 ,-3.17e+00 ,2.65e-04 ,-2.77e-01 ,9.42e-11 },
{-2.49e-03 ,-4.97e-01 ,1.23e-15 ,2.74e-14 ,8.40e-04 ,2.49e-03 ,2.21e-08 ,-4.27e-08 ,-1.25e-05 ,1.25e-05 ,4.97e-01 ,2.65e-04 ,-2.59e-04 ,2.60e-04 ,-2.74e-14 },
{3.00e-03 ,4.96e-01 ,1.43e-15 ,-9.42e-11 ,-1.85e-01 ,-7.98e-04 ,-3.55e-04 ,6.30e-04 ,9.25e-06 ,2.67e-04 ,-4.98e-01 ,-2.77e-01 ,2.60e-04 ,-3.17e+00 ,5.56e-11 },
{-1.19e-13 ,-3.98e-11 ,-1.59e-24 ,-2.00e-11 ,2.17e-10 ,4.93e-14 ,1.91e-14 ,-1.81e-14 ,5.29e-15 ,-4.33e-15 ,1.98e-11 ,9.42e-11 ,-2.74e-14 ,5.56e-11 ,4.00e-11 }
}

Error: 
{
{4.34e-19 ,2.10e-17 ,2.79e-17 ,3.88e-18 ,3.89e-16 ,5.96e-19 ,2.61e-19 ,1.41e-19 ,2.95e-19 ,2.40e-19 ,1.21e-17 ,8.73e-17 ,1.22e-16 ,9.89e-17 ,8.70e-18 },
{8.67e-19 ,1.67e-16 ,4.13e-16 ,1.93e-17 ,1.33e-15 ,8.67e-19 ,3.55e-18 ,1.22e-18 ,3.42e-18 ,1.78e-18 ,1.08e-16 ,2.78e-16 ,1.11e-16 ,5.55e-17 ,4.26e-17 },
{2.19e-16 ,2.33e-16 ,0.00e+00 ,2.97e-25 ,1.33e-13 ,1.14e-16 ,1.91e-15 ,6.98e-16 ,4.84e-16 ,2.22e-16 ,2.48e-15 ,6.52e-15 ,1.43e-17 ,2.78e-15 ,8.40e-26 },
{5.51e-27 ,9.69e-26 ,2.54e-24 ,1.29e-26 ,2.95e-24 ,2.07e-27 ,1.66e-26 ,5.85e-27 ,6.07e-27 ,3.67e-27 ,7.75e-26 ,2.98e-24 ,1.68e-24 ,1.16e-24 ,3.23e-27 },
{5.83e-16 ,2.93e-14 ,6.39e-16 ,8.90e-15 ,2.84e-13 ,5.55e-17 ,1.38e-15 ,5.36e-16 ,1.20e-15 ,2.37e-16 ,1.07e-14 ,1.07e-13 ,1.74e-13 ,1.67e-13 ,1.99e-14 },
{5.96e-19 ,2.82e-18 ,1.72e-16 ,2.20e-18 ,9.44e-16 ,0.00e+00 ,4.79e-19 ,2.83e-19 ,8.64e-20 ,1.65e-19 ,7.16e-18 ,1.17e-16 ,1.07e-16 ,3.87e-17 ,4.94e-18 },
{4.40e-20 ,1.64e-18 ,9.70e-19 ,5.06e-19 ,3.47e-18 ,3.56e-20 ,2.44e-19 ,2.71e-20 ,1.08e-19 ,9.07e-20 ,8.67e-19 ,8.35e-18 ,1.26e-17 ,1.12e-17 ,1.13e-18 },
{5.17e-20 ,1.00e-18 ,2.96e-16 ,2.69e-19 ,5.20e-18 ,6.10e-20 ,1.90e-19 ,5.42e-20 ,8.94e-20 ,4.07e-20 ,1.36e-18 ,5.53e-18 ,1.26e-18 ,6.94e-18 ,6.02e-19 },
{1.27e-20 ,1.45e-18 ,1.79e-16 ,2.46e-19 ,3.47e-18 ,4.66e-21 ,6.78e-20 ,1.95e-20 ,4.07e-20 ,4.07e-20 ,1.04e-18 ,3.74e-18 ,8.05e-18 ,5.13e-18 ,5.51e-19 },
{2.46e-20 ,0.00e+00 ,0.00e+00 ,8.74e-21 ,6.07e-18 ,4.83e-20 ,3.47e-20 ,1.36e-20 ,2.03e-20 ,2.71e-20 ,7.28e-20 ,3.64e-18 ,3.48e-18 ,3.47e-18 ,1.93e-20 },
{1.95e-18 ,1.87e-16 ,3.23e-16 ,3.05e-17 ,6.66e-16 ,7.59e-19 ,9.49e-19 ,2.89e-18 ,9.08e-19 ,1.57e-18 ,1.19e-16 ,3.33e-16 ,1.11e-16 ,5.55e-17 ,6.76e-17 },
{1.67e-16 ,7.22e-16 ,7.25e-17 ,1.38e-16 ,2.06e-13 ,6.72e-17 ,6.84e-17 ,1.60e-17 ,4.85e-17 ,3.62e-17 ,4.44e-16 ,5.73e-14 ,5.82e-14 ,5.81e-14 ,3.10e-16 },
{1.57e-16 ,1.11e-16 ,1.23e-15 ,2.37e-20 ,2.07e-13 ,7.24e-17 ,6.30e-17 ,1.20e-17 ,4.00e-17 ,3.19e-17 ,1.11e-16 ,5.83e-14 ,5.83e-14 ,5.82e-14 ,2.96e-20 },
{1.57e-16 ,3.33e-16 ,1.43e-15 ,4.67e-18 ,2.07e-13 ,7.36e-17 ,6.41e-17 ,1.12e-17 ,4.08e-17 ,3.18e-17 ,2.78e-16 ,5.83e-14 ,5.84e-14 ,5.86e-14 ,6.26e-18 },
{7.12e-27 ,2.13e-25 ,1.59e-24 ,9.69e-27 ,9.69e-24 ,6.12e-28 ,5.41e-27 ,1.06e-27 ,2.94e-27 ,1.41e-27 ,2.20e-25 ,1.58e-24 ,9.03e-25 ,1.85e-24 ,6.46e-27 }
}
Determinant of A: 7.79e+38
Is A == Decomposition? True
Is invA == invDecomposition? True
Total error: 5.72e-13
