********** LDLt Decomposition **********

Matrix A: 
[[ 2. 10.  9.]
 [10. 18.  8.]
 [ 9.  8. 16.]]

Matrix A Decomposed: 
[[  2.        5.        4.5    ]
 [  5.      -32.        1.15625]
 [  4.5       1.15625  18.28125]]

Matrix L: 
[[1.      0.      0.     ]
 [5.      1.      0.     ]
 [4.5     1.15625 1.     ]]

Matrix U: 
[[1.      5.      4.5    ]
 [0.      1.      1.15625]
 [0.      0.      1.     ]]

Matrix D: 
[[  2.        0.        0.     ]
 [  0.      -32.        0.     ]
 [  0.        0.       18.28125]]

Inverse A: 
[[-0.19145299  0.07521368  0.07008547]
 [ 0.07521368  0.04188034 -0.06324786]
 [ 0.07008547 -0.06324786  0.05470085]]

Inverse L: 
[[ 1.       0.       0.     ]
 [-5.       1.       0.     ]
 [ 1.28125 -1.15625  1.     ]]

Inverse U: 
[[ 1.      -5.       1.28125]
 [ 0.       1.      -1.15625]
 [ 0.       0.       1.     ]]

Inverse D: 
[[ 0.5         0.          0.        ]
 [-0.         -0.03125    -0.        ]
 [ 0.          0.          0.05470085]]

Inverse of A Decomposed: 
[[-0.19145299  0.07521368  0.07008547]
 [ 0.07521368  0.04188034 -0.06324786]
 [ 0.07008547 -0.06324786  0.05470085]]

(Inverse of A) - (Decomposed Inverse): 
[[ 0.00000000e+00  4.16333634e-17  0.00000000e+00]
 [-1.38777878e-17 -1.38777878e-17  0.00000000e+00]
 [ 1.38777878e-17 -1.38777878e-17  6.93889390e-18]]

