********** LDLt Decomposition **********

Matrix A: 
[[ 2. 10.  9.]
 [10. 18.  8.]
 [ 9.  8. 16.]]

Matrix A Decomposed: 
[[18.          8.         10.        ]
 [ 0.44444444 12.44444444  4.55555556]
 [ 0.55555556  0.36607143 -5.22321429]]

Matrix L: 
[[1.         0.         0.        ]
 [0.44444444 1.         0.        ]
 [0.55555556 0.36607143 1.        ]]

Matrix U: 
[[1.         0.44444444 0.55555556]
 [0.         1.         0.36607143]
 [0.         0.         1.        ]]

Matrix D: 
[[18.          0.          0.        ]
 [ 0.         12.44444444  0.        ]
 [ 0.          0.         -5.22321429]]

Permuted Rows: 
[[0. 1. 0.]
 [0. 0. 1.]
 [1. 0. 0.]]

Permuted Columns: 
[[0. 0. 1.]
 [1. 0. 0.]
 [0. 1. 0.]]

Inverse A: 
[[-0.19145299  0.07521368  0.07008547]
 [ 0.07521368  0.04188034 -0.06324786]
 [ 0.07008547 -0.06324786  0.05470085]]

Inverse L: 
[[ 1.          0.          0.        ]
 [-0.44444444  1.          0.        ]
 [-0.39285714 -0.36607143  1.        ]]

Inverse U: 
[[ 1.         -0.44444444 -0.39285714]
 [ 0.          1.         -0.36607143]
 [ 0.          0.          1.        ]]

Inverse D: 
[[ 0.05555556  0.          0.        ]
 [ 0.          0.08035714  0.        ]
 [-0.         -0.         -0.19145299]]

Inverse of A Decomposed: 
[[-0.19145299  0.07521368  0.07008547]
 [ 0.07521368  0.04188034 -0.06324786]
 [ 0.07008547 -0.06324786  0.05470085]]

(Inverse of A) - (Decomposed Inverse): 
[[ 0.00000000e+00  2.77555756e-17  0.00000000e+00]
 [ 0.00000000e+00 -6.93889390e-18  0.00000000e+00]
 [ 0.00000000e+00 -1.38777878e-17  1.38777878e-17]]

