********** LLt Decomposition **********

Matrix A: 
[[23. 10.  9.]
 [10. 54.  8.]
 [ 9.  8. 49.]]

Matrix A Decomposed: 
[[4.79583152 2.08514414 1.87662973]
 [2.08514414 7.04642987 0.58000386]
 [1.87662973 0.58000386 6.71876896]]

Matrix L: 
[[4.79583152 0.         0.        ]
 [2.08514414 7.04642987 0.        ]
 [1.87662973 0.58000386 6.71876896]]

Matrix U: 
[[4.79583152 2.08514414 1.87662973]
 [0.         7.04642987 0.58000386]
 [0.         0.         6.71876896]]

Matrix D: 
[[1. 0. 0.]
 [0. 1. 0.]
 [0. 0. 1.]]

Inverse A: 
[[ 0.05008535 -0.00810832 -0.00787554]
 [-0.00810832  0.02029019 -0.0018234 ]
 [-0.00787554 -0.0018234   0.02215239]]

Inverse L: 
[[ 0.20851441  0.          0.        ]
 [-0.06170254  0.14191584  0.        ]
 [-0.05291395 -0.01225101  0.14883679]]

Inverse U: 
[[ 0.20851441 -0.06170254 -0.05291395]
 [ 0.          0.14191584 -0.01225101]
 [ 0.          0.          0.14883679]]

Inverse D: 
[[1. 0. 0.]
 [0. 1. 0.]
 [0. 0. 1.]]

Inverse of A Decomposed: 
[[ 0.05008535 -0.00810832 -0.00787554]
 [-0.00810832  0.02029019 -0.0018234 ]
 [-0.00787554 -0.0018234   0.02215239]]

(Inverse of A) - (Decomposed Inverse): 
[[ 6.93889390e-18  0.00000000e+00  0.00000000e+00]
 [ 0.00000000e+00 -3.46944695e-18  6.50521303e-19]
 [ 0.00000000e+00  4.33680869e-19 -3.46944695e-18]]

