********** LU Decomposition **********

Matrix A: 
[[ 8.15732e+02  4.18604e+02  0.00000e+00  4.20445e+02 -1.00000e+00
   2.81869e+02  2.32076e+02  3.97658e+02  6.51193e+01  0.00000e+00
   4.21275e+02  2.34737e+00  5.71453e-02 -1.39624e-01  4.19713e+02]
 [ 4.18604e+02  5.20872e+02  0.00000e+00  5.19833e+02 -1.00000e+00
   4.88090e+02  3.34978e+02  5.27169e+02 -9.12066e+00  0.00000e+00
   5.20524e+02  2.60818e+00 -1.54670e+00 -1.82023e-01  5.19888e+02]
 [ 0.00000e+00  0.00000e+00  0.00000e+00  0.00000e+00  0.00000e+00
   0.00000e+00 -1.00000e+00 -1.00000e+00  1.00000e+00  1.00000e+00
   0.00000e+00  0.00000e+00  0.00000e+00  0.00000e+00  0.00000e+00]
 [ 4.20445e+02  5.19833e+02  0.00000e+00  3.33333e+10 -1.00000e+00
   4.86144e+02  3.36579e+02  5.28043e+02 -1.16014e+01  0.00000e+00
   5.19504e+02  2.57783e+00 -2.63573e-01 -8.77493e-01  1.66667e+10]
 [-1.00000e+00 -1.00000e+00  0.00000e+00 -1.00000e+00  0.00000e+00
  -1.00000e+00 -1.00000e+00 -1.00000e+00  0.00000e+00  0.00000e+00
  -1.00000e+00  0.00000e+00  0.00000e+00  0.00000e+00 -1.00000e+00]
 [ 2.81869e+02  4.88090e+02  0.00000e+00  4.86144e+02 -1.00000e+00
   9.48696e+02  3.48620e+02  5.65821e+02 -8.66241e+01  0.00000e+00
   4.84754e+02  2.56467e+00 -1.13458e+00  7.76692e-02  4.86978e+02]
 [ 2.32076e+02  3.34978e+02 -1.00000e+00  3.36579e+02 -1.00000e+00
   3.48620e+02 -6.19664e+04 -3.07225e+04  1.06707e+05  0.00000e+00
   3.37077e+02  2.02037e+00  4.89366e-01  5.55045e-01  3.35855e+02]
 [ 3.97658e+02  5.27169e+02 -1.00000e+00  5.28043e+02 -1.00000e+00
   5.65821e+02 -3.07225e+04 -8.22976e+03  5.33536e+04  0.00000e+00
   5.27669e+02  2.96425e+00  4.37361e-01  1.49892e+00  5.27173e+02]
 [ 6.51193e+01 -9.12066e+00  1.00000e+00 -1.16014e+01  0.00000e+00
  -8.66241e+01  1.06707e+05  5.33536e+04 -1.60083e+05  0.00000e+00
  -1.23841e+01 -1.09425e+00 -2.00416e+00 -1.09425e+00 -9.90337e+00]
 [ 0.00000e+00  0.00000e+00  1.00000e+00  0.00000e+00  0.00000e+00
   0.00000e+00  0.00000e+00  0.00000e+00  0.00000e+00  0.00000e+00
   0.00000e+00  0.00000e+00  0.00000e+00  0.00000e+00  0.00000e+00]
 [ 4.21275e+02  5.20524e+02  0.00000e+00  5.19504e+02 -1.00000e+00
   4.84754e+02  3.37077e+02  5.27669e+02 -1.23841e+01  0.00000e+00
   5.20207e+02  2.60707e+00  4.69261e-01 -1.83137e-01  5.19552e+02]
 [ 2.34737e+00  2.60818e+00  0.00000e+00  2.57783e+00  0.00000e+00
   2.56467e+00  2.02037e+00  2.96425e+00 -1.09425e+00  0.00000e+00
   2.60707e+00 -3.17777e-01 -2.90078e-01  2.78837e-02  3.30254e+00]
 [ 5.71453e-02 -1.54670e+00  0.00000e+00 -2.63573e-01  0.00000e+00
  -1.13458e+00  4.89366e-01  4.37361e-01 -2.00416e+00  0.00000e+00
   4.69261e-01 -2.90078e-01 -5.80992e-01 -2.90078e-01 -8.13864e-01]
 [-1.39624e-01 -1.82023e-01  0.00000e+00 -8.77493e-01  0.00000e+00
   7.76692e-02  5.55045e-01  1.49892e+00 -1.09425e+00  0.00000e+00
  -1.83137e-01  2.78837e-02 -2.90078e-01 -3.17777e-01 -1.52792e-01]
 [ 4.19713e+02  5.19888e+02  0.00000e+00  1.66667e+10 -1.00000e+00
   4.86978e+02  3.35855e+02  5.27173e+02 -9.90337e+00  0.00000e+00
   5.19552e+02  3.30254e+00 -8.13864e-01 -1.52792e-01  3.33333e+10]]

Matrix A Decomposed: 
[[ 3.33333000e+10  1.66667000e+10 -1.16014000e+01  5.28043000e+02
   3.36579000e+02  4.86144000e+02  4.20445000e+02  5.19504000e+02
  -2.63573000e-01  5.19833000e+02  2.57783000e+00 -8.77493000e-01
  -1.00000000e+00  0.00000000e+00  0.00000000e+00]
 [ 5.00001500e-01  2.49999250e+10 -4.10265260e+00  2.63150708e+02
   1.67564995e+02  2.43905271e+02  2.09489869e+02  2.59799221e+02
  -6.82077105e-01  2.59970720e+02  2.01362113e+00  2.85955816e-01
  -4.99998500e-01  0.00000000e+00  0.00000000e+00]
 [-3.48042348e-10 -1.64106596e-10 -1.60083000e+05  5.33536000e+04
   1.06707000e+05 -8.66240998e+01  6.51193002e+01 -1.23840998e+01
  -2.00416000e+00 -9.12065978e+00 -1.09425000e+00 -1.09425000e+00
  -4.30095400e-10  1.00000000e+00  0.00000000e+00]
 [ 1.58413058e-08  1.05260599e-08 -3.33287107e-01  9.55230700e+03
   4.84156735e+03  5.36950294e+02  4.19361414e+02  5.23541528e+02
  -2.30599678e-01  5.24129191e+02  2.59955052e+00  1.13422059e+00
  -9.99999979e-01 -6.66712893e-01  0.00000000e+00]
 [ 1.00973801e-08  6.70261991e-09 -6.66572965e-01  5.06847964e-01
   6.70766285e+03  1.87265471e+01  6.29302803e+01  6.34661293e+01
  -7.29673890e-01  6.32445946e+01 -2.66043949e-02 -7.49229859e-01
  -4.93152033e-01  4.49503749e-03  0.00000000e+00]
 [ 1.45843346e-08  9.75624010e-09  5.41119918e-04  5.62115826e-02
   2.79181401e-03  9.18507758e+02  2.58085096e+02  4.55154408e+02
  -1.11849601e+00  4.58456227e+02  2.41921149e+00  1.65967063e-02
  -9.42411610e-01  3.69233176e-02  0.00000000e+00]
 [ 1.26133626e-08  8.37961991e-09 -4.06784607e-04  4.39015847e-02
   9.38184906e-03  2.80983033e-01  7.24239916e+02  2.69799555e+02
   3.87577832e-01  2.66178407e+02  1.55329265e+00 -1.87497428e-01
  -6.86670048e-01  1.92595395e-02  0.00000000e+00]
 [ 1.55851356e-08  1.03920000e-08  7.73604928e-05  5.48078625e-02
   9.46173514e-03  4.95536814e-01  3.72527872e-01  1.64859636e+02
   8.98831116e-01  1.64859077e+02  6.87477346e-01 -1.76503790e-01
  -2.17722665e-01  1.09496387e-02  0.00000000e+00]
 [-7.90719791e-12 -2.72831660e-11  1.25195055e-05 -2.41407314e-05
  -1.08782136e-04 -1.21773170e-03  5.35151160e-04  5.45209935e-03
  -5.87521809e-01 -2.01005013e+00 -2.91637930e-01 -2.89035556e-01
   3.29126499e-04 -5.31680514e-05  0.00000000e+00]
 [ 1.55950056e-08  1.03988600e-08  5.69745680e-05  5.48693829e-02
   9.42870804e-03  4.99131578e-01  3.67527943e-01  9.99996609e-01
   3.42123492e+00  6.87790201e+00  9.97760949e-01  9.88857976e-01
  -1.12707830e-03  2.07054110e-04  0.00000000e+00]
 [ 7.73349773e-11  8.05450870e-11  6.83551657e-06  2.72138502e-04
  -3.96626895e-06  2.63384982e-03  2.14472113e-03  4.17007681e-03
   4.96386561e-01  1.45067631e-01 -3.31024784e-01  2.86960760e-02
   5.13311790e-03 -1.32420322e-05  0.00000000e+00]
 [-2.63248163e-11  1.14382670e-11  6.83551658e-06  1.18737871e-04
  -1.11697603e-04  1.80692064e-05 -2.58888559e-04 -1.07063072e-03
   4.91957153e-01  1.43773199e-01 -8.66886026e-02 -3.15716236e-01
   1.14921320e-04  8.41121946e-05  0.00000000e+00]
 [-3.00000300e-11 -2.00000000e-11  2.68670252e-15 -1.04686750e-04
  -7.35206949e-05 -1.02602466e-03 -9.48125107e-04 -1.32065477e-03
  -5.60194523e-04 -1.63869490e-04 -1.55067479e-02 -3.64001931e-04
  -1.96682733e-03  9.69273654e-07  0.00000000e+00]
 [ 0.00000000e+00  0.00000000e+00 -6.24675949e-06 -6.97960077e-05
   6.70134680e-07  4.01992442e-05  2.65927618e-05  6.64179478e-05
   9.04954516e-05  3.01042542e-05  4.00031444e-05 -2.66417070e-04
  -4.92810751e-04 -4.29918627e-05  1.00000000e+00]
 [ 0.00000000e+00  0.00000000e+00  0.00000000e+00  0.00000000e+00
   0.00000000e+00  0.00000000e+00  0.00000000e+00  0.00000000e+00
   0.00000000e+00  0.00000000e+00  0.00000000e+00  0.00000000e+00
   0.00000000e+00 -2.32602157e+04  2.32602157e+04]]

Matrix L: 
[[ 1.00000000e+00  0.00000000e+00  0.00000000e+00  0.00000000e+00
   0.00000000e+00  0.00000000e+00  0.00000000e+00  0.00000000e+00
   0.00000000e+00  0.00000000e+00  0.00000000e+00  0.00000000e+00
   0.00000000e+00  0.00000000e+00  0.00000000e+00]
 [ 5.00001500e-01  1.00000000e+00  0.00000000e+00  0.00000000e+00
   0.00000000e+00  0.00000000e+00  0.00000000e+00  0.00000000e+00
   0.00000000e+00  0.00000000e+00  0.00000000e+00  0.00000000e+00
   0.00000000e+00  0.00000000e+00  0.00000000e+00]
 [-3.48042348e-10 -1.64106596e-10  1.00000000e+00  0.00000000e+00
   0.00000000e+00  0.00000000e+00  0.00000000e+00  0.00000000e+00
   0.00000000e+00  0.00000000e+00  0.00000000e+00  0.00000000e+00
   0.00000000e+00  0.00000000e+00  0.00000000e+00]
 [ 1.58413058e-08  1.05260599e-08 -3.33287107e-01  1.00000000e+00
   0.00000000e+00  0.00000000e+00  0.00000000e+00  0.00000000e+00
   0.00000000e+00  0.00000000e+00  0.00000000e+00  0.00000000e+00
   0.00000000e+00  0.00000000e+00  0.00000000e+00]
 [ 1.00973801e-08  6.70261991e-09 -6.66572965e-01  5.06847964e-01
   1.00000000e+00  0.00000000e+00  0.00000000e+00  0.00000000e+00
   0.00000000e+00  0.00000000e+00  0.00000000e+00  0.00000000e+00
   0.00000000e+00  0.00000000e+00  0.00000000e+00]
 [ 1.45843346e-08  9.75624010e-09  5.41119918e-04  5.62115826e-02
   2.79181401e-03  1.00000000e+00  0.00000000e+00  0.00000000e+00
   0.00000000e+00  0.00000000e+00  0.00000000e+00  0.00000000e+00
   0.00000000e+00  0.00000000e+00  0.00000000e+00]
 [ 1.26133626e-08  8.37961991e-09 -4.06784607e-04  4.39015847e-02
   9.38184906e-03  2.80983033e-01  1.00000000e+00  0.00000000e+00
   0.00000000e+00  0.00000000e+00  0.00000000e+00  0.00000000e+00
   0.00000000e+00  0.00000000e+00  0.00000000e+00]
 [ 1.55851356e-08  1.03920000e-08  7.73604928e-05  5.48078625e-02
   9.46173514e-03  4.95536814e-01  3.72527872e-01  1.00000000e+00
   0.00000000e+00  0.00000000e+00  0.00000000e+00  0.00000000e+00
   0.00000000e+00  0.00000000e+00  0.00000000e+00]
 [-7.90719791e-12 -2.72831660e-11  1.25195055e-05 -2.41407314e-05
  -1.08782136e-04 -1.21773170e-03  5.35151160e-04  5.45209935e-03
   1.00000000e+00  0.00000000e+00  0.00000000e+00  0.00000000e+00
   0.00000000e+00  0.00000000e+00  0.00000000e+00]
 [ 1.55950056e-08  1.03988600e-08  5.69745680e-05  5.48693829e-02
   9.42870804e-03  4.99131578e-01  3.67527943e-01  9.99996609e-01
   3.42123492e+00  1.00000000e+00  0.00000000e+00  0.00000000e+00
   0.00000000e+00  0.00000000e+00  0.00000000e+00]
 [ 7.73349773e-11  8.05450870e-11  6.83551657e-06  2.72138502e-04
  -3.96626895e-06  2.63384982e-03  2.14472113e-03  4.17007681e-03
   4.96386561e-01  1.45067631e-01  1.00000000e+00  0.00000000e+00
   0.00000000e+00  0.00000000e+00  0.00000000e+00]
 [-2.63248163e-11  1.14382670e-11  6.83551658e-06  1.18737871e-04
  -1.11697603e-04  1.80692064e-05 -2.58888559e-04 -1.07063072e-03
   4.91957153e-01  1.43773199e-01 -8.66886026e-02  1.00000000e+00
   0.00000000e+00  0.00000000e+00  0.00000000e+00]
 [-3.00000300e-11 -2.00000000e-11  2.68670252e-15 -1.04686750e-04
  -7.35206949e-05 -1.02602466e-03 -9.48125107e-04 -1.32065477e-03
  -5.60194523e-04 -1.63869490e-04 -1.55067479e-02 -3.64001931e-04
   1.00000000e+00  0.00000000e+00  0.00000000e+00]
 [ 0.00000000e+00  0.00000000e+00 -6.24675949e-06 -6.97960077e-05
   6.70134680e-07  4.01992442e-05  2.65927618e-05  6.64179478e-05
   9.04954516e-05  3.01042542e-05  4.00031444e-05 -2.66417070e-04
  -4.92810751e-04  1.00000000e+00  0.00000000e+00]
 [ 0.00000000e+00  0.00000000e+00  0.00000000e+00  0.00000000e+00
   0.00000000e+00  0.00000000e+00  0.00000000e+00  0.00000000e+00
   0.00000000e+00  0.00000000e+00  0.00000000e+00  0.00000000e+00
   0.00000000e+00 -2.32602157e+04  1.00000000e+00]]

Matrix U: 
[[ 3.33333000e+10  1.66667000e+10 -1.16014000e+01  5.28043000e+02
   3.36579000e+02  4.86144000e+02  4.20445000e+02  5.19504000e+02
  -2.63573000e-01  5.19833000e+02  2.57783000e+00 -8.77493000e-01
  -1.00000000e+00  0.00000000e+00  0.00000000e+00]
 [ 0.00000000e+00  2.49999250e+10 -4.10265260e+00  2.63150708e+02
   1.67564995e+02  2.43905271e+02  2.09489869e+02  2.59799221e+02
  -6.82077105e-01  2.59970720e+02  2.01362113e+00  2.85955816e-01
  -4.99998500e-01  0.00000000e+00  0.00000000e+00]
 [ 0.00000000e+00  0.00000000e+00 -1.60083000e+05  5.33536000e+04
   1.06707000e+05 -8.66240998e+01  6.51193002e+01 -1.23840998e+01
  -2.00416000e+00 -9.12065978e+00 -1.09425000e+00 -1.09425000e+00
  -4.30095400e-10  1.00000000e+00  0.00000000e+00]
 [ 0.00000000e+00  0.00000000e+00  0.00000000e+00  9.55230700e+03
   4.84156735e+03  5.36950294e+02  4.19361414e+02  5.23541528e+02
  -2.30599678e-01  5.24129191e+02  2.59955052e+00  1.13422059e+00
  -9.99999979e-01 -6.66712893e-01  0.00000000e+00]
 [ 0.00000000e+00  0.00000000e+00  0.00000000e+00  0.00000000e+00
   6.70766285e+03  1.87265471e+01  6.29302803e+01  6.34661293e+01
  -7.29673890e-01  6.32445946e+01 -2.66043949e-02 -7.49229859e-01
  -4.93152033e-01  4.49503749e-03  0.00000000e+00]
 [ 0.00000000e+00  0.00000000e+00  0.00000000e+00  0.00000000e+00
   0.00000000e+00  9.18507758e+02  2.58085096e+02  4.55154408e+02
  -1.11849601e+00  4.58456227e+02  2.41921149e+00  1.65967063e-02
  -9.42411610e-01  3.69233176e-02  0.00000000e+00]
 [ 0.00000000e+00  0.00000000e+00  0.00000000e+00  0.00000000e+00
   0.00000000e+00  0.00000000e+00  7.24239916e+02  2.69799555e+02
   3.87577832e-01  2.66178407e+02  1.55329265e+00 -1.87497428e-01
  -6.86670048e-01  1.92595395e-02  0.00000000e+00]
 [ 0.00000000e+00  0.00000000e+00  0.00000000e+00  0.00000000e+00
   0.00000000e+00  0.00000000e+00  0.00000000e+00  1.64859636e+02
   8.98831116e-01  1.64859077e+02  6.87477346e-01 -1.76503790e-01
  -2.17722665e-01  1.09496387e-02  0.00000000e+00]
 [ 0.00000000e+00  0.00000000e+00  0.00000000e+00  0.00000000e+00
   0.00000000e+00  0.00000000e+00  0.00000000e+00  0.00000000e+00
  -5.87521809e-01 -2.01005013e+00 -2.91637930e-01 -2.89035556e-01
   3.29126499e-04 -5.31680514e-05  0.00000000e+00]
 [ 0.00000000e+00  0.00000000e+00  0.00000000e+00  0.00000000e+00
   0.00000000e+00  0.00000000e+00  0.00000000e+00  0.00000000e+00
   0.00000000e+00  6.87790201e+00  9.97760949e-01  9.88857976e-01
  -1.12707830e-03  2.07054110e-04  0.00000000e+00]
 [ 0.00000000e+00  0.00000000e+00  0.00000000e+00  0.00000000e+00
   0.00000000e+00  0.00000000e+00  0.00000000e+00  0.00000000e+00
   0.00000000e+00  0.00000000e+00 -3.31024784e-01  2.86960760e-02
   5.13311790e-03 -1.32420322e-05  0.00000000e+00]
 [ 0.00000000e+00  0.00000000e+00  0.00000000e+00  0.00000000e+00
   0.00000000e+00  0.00000000e+00  0.00000000e+00  0.00000000e+00
   0.00000000e+00  0.00000000e+00  0.00000000e+00 -3.15716236e-01
   1.14921320e-04  8.41121946e-05  0.00000000e+00]
 [ 0.00000000e+00  0.00000000e+00  0.00000000e+00  0.00000000e+00
   0.00000000e+00  0.00000000e+00  0.00000000e+00  0.00000000e+00
   0.00000000e+00  0.00000000e+00  0.00000000e+00  0.00000000e+00
  -1.96682733e-03  9.69273654e-07  0.00000000e+00]
 [ 0.00000000e+00  0.00000000e+00  0.00000000e+00  0.00000000e+00
   0.00000000e+00  0.00000000e+00  0.00000000e+00  0.00000000e+00
   0.00000000e+00  0.00000000e+00  0.00000000e+00  0.00000000e+00
   0.00000000e+00 -4.29918627e-05  1.00000000e+00]
 [ 0.00000000e+00  0.00000000e+00  0.00000000e+00  0.00000000e+00
   0.00000000e+00  0.00000000e+00  0.00000000e+00  0.00000000e+00
   0.00000000e+00  0.00000000e+00  0.00000000e+00  0.00000000e+00
   0.00000000e+00  0.00000000e+00  2.32602157e+04]]

Matrix D: 
[[1. 0. 0. 0. 0. 0. 0. 0. 0. 0. 0. 0. 0. 0. 0.]
 [0. 1. 0. 0. 0. 0. 0. 0. 0. 0. 0. 0. 0. 0. 0.]
 [0. 0. 1. 0. 0. 0. 0. 0. 0. 0. 0. 0. 0. 0. 0.]
 [0. 0. 0. 1. 0. 0. 0. 0. 0. 0. 0. 0. 0. 0. 0.]
 [0. 0. 0. 0. 1. 0. 0. 0. 0. 0. 0. 0. 0. 0. 0.]
 [0. 0. 0. 0. 0. 1. 0. 0. 0. 0. 0. 0. 0. 0. 0.]
 [0. 0. 0. 0. 0. 0. 1. 0. 0. 0. 0. 0. 0. 0. 0.]
 [0. 0. 0. 0. 0. 0. 0. 1. 0. 0. 0. 0. 0. 0. 0.]
 [0. 0. 0. 0. 0. 0. 0. 0. 1. 0. 0. 0. 0. 0. 0.]
 [0. 0. 0. 0. 0. 0. 0. 0. 0. 1. 0. 0. 0. 0. 0.]
 [0. 0. 0. 0. 0. 0. 0. 0. 0. 0. 1. 0. 0. 0. 0.]
 [0. 0. 0. 0. 0. 0. 0. 0. 0. 0. 0. 1. 0. 0. 0.]
 [0. 0. 0. 0. 0. 0. 0. 0. 0. 0. 0. 0. 1. 0. 0.]
 [0. 0. 0. 0. 0. 0. 0. 0. 0. 0. 0. 0. 0. 1. 0.]
 [0. 0. 0. 0. 0. 0. 0. 0. 0. 0. 0. 0. 0. 0. 1.]]

Permuted Rows: 
[[0. 0. 0. 1. 0. 0. 0. 0. 0. 0. 0. 0. 0. 0. 0.]
 [0. 0. 0. 0. 0. 0. 0. 0. 0. 0. 0. 0. 0. 0. 1.]
 [0. 0. 0. 0. 0. 0. 0. 0. 1. 0. 0. 0. 0. 0. 0.]
 [0. 0. 0. 0. 0. 0. 0. 1. 0. 0. 0. 0. 0. 0. 0.]
 [0. 0. 0. 0. 0. 0. 1. 0. 0. 0. 0. 0. 0. 0. 0.]
 [0. 0. 0. 0. 0. 1. 0. 0. 0. 0. 0. 0. 0. 0. 0.]
 [1. 0. 0. 0. 0. 0. 0. 0. 0. 0. 0. 0. 0. 0. 0.]
 [0. 0. 0. 0. 0. 0. 0. 0. 0. 0. 1. 0. 0. 0. 0.]
 [0. 0. 0. 0. 0. 0. 0. 0. 0. 0. 0. 0. 1. 0. 0.]
 [0. 1. 0. 0. 0. 0. 0. 0. 0. 0. 0. 0. 0. 0. 0.]
 [0. 0. 0. 0. 0. 0. 0. 0. 0. 0. 0. 1. 0. 0. 0.]
 [0. 0. 0. 0. 0. 0. 0. 0. 0. 0. 0. 0. 0. 1. 0.]
 [0. 0. 0. 0. 1. 0. 0. 0. 0. 0. 0. 0. 0. 0. 0.]
 [0. 0. 1. 0. 0. 0. 0. 0. 0. 0. 0. 0. 0. 0. 0.]
 [0. 0. 0. 0. 0. 0. 0. 0. 0. 1. 0. 0. 0. 0. 0.]]

Permuted Columns: 
[[0. 0. 0. 0. 0. 0. 1. 0. 0. 0. 0. 0. 0. 0. 0.]
 [0. 0. 0. 0. 0. 0. 0. 0. 0. 1. 0. 0. 0. 0. 0.]
 [0. 0. 0. 0. 0. 0. 0. 0. 0. 0. 0. 0. 0. 1. 0.]
 [1. 0. 0. 0. 0. 0. 0. 0. 0. 0. 0. 0. 0. 0. 0.]
 [0. 0. 0. 0. 0. 0. 0. 0. 0. 0. 0. 0. 1. 0. 0.]
 [0. 0. 0. 0. 0. 1. 0. 0. 0. 0. 0. 0. 0. 0. 0.]
 [0. 0. 0. 0. 1. 0. 0. 0. 0. 0. 0. 0. 0. 0. 0.]
 [0. 0. 0. 1. 0. 0. 0. 0. 0. 0. 0. 0. 0. 0. 0.]
 [0. 0. 1. 0. 0. 0. 0. 0. 0. 0. 0. 0. 0. 0. 0.]
 [0. 0. 0. 0. 0. 0. 0. 0. 0. 0. 0. 0. 0. 0. 1.]
 [0. 0. 0. 0. 0. 0. 0. 1. 0. 0. 0. 0. 0. 0. 0.]
 [0. 0. 0. 0. 0. 0. 0. 0. 0. 0. 1. 0. 0. 0. 0.]
 [0. 0. 0. 0. 0. 0. 0. 0. 1. 0. 0. 0. 0. 0. 0.]
 [0. 0. 0. 0. 0. 0. 0. 0. 0. 0. 0. 1. 0. 0. 0.]
 [0. 1. 0. 0. 0. 0. 0. 0. 0. 0. 0. 0. 0. 0. 0.]]

Inverse A: 
[[ 2.11376934e-03 -6.00885933e-04  0.00000000e+00  4.91800376e-14
  -2.21775418e-01  4.33719084e-04 -1.32746371e-05  4.90023849e-06
  -6.40082670e-06 -1.97357192e-06 -1.93822810e-03  7.98186477e-04
  -2.48703434e-03  3.00072539e-03 -1.19078819e-13]
 [-6.00885933e-04  2.05795034e-03  0.00000000e+00  1.98231271e-11
   1.08935287e+00 -1.93822153e-03  6.97779764e-05 -1.35284757e-04
   1.50421109e-06 -6.70109922e-05  5.46663932e-04  4.98094575e-01
  -4.97499898e-01  4.95616257e-01 -3.97541710e-11]
 [-2.19430973e-16  2.33328827e-16 -0.00000000e+00 -2.97268033e-25
  -1.33394424e-13 -1.14000554e-16  1.91184036e-15 -6.98133437e-16
   4.83580036e-16  1.00000000e+00 -2.47792409e-15 -6.48942387e-15
  -1.43291446e-17 -2.78419683e-15  8.40105310e-26]
 [ 4.91839164e-14  1.98231078e-11  0.00000000e+00  4.00001202e-11
  -1.33622440e-10 -1.19150265e-13 -1.81223356e-14  1.90871957e-14
  -4.32589530e-15  5.29075536e-15 -3.97541067e-11 -5.56247069e-11
   2.74150544e-14 -9.41653817e-11 -2.00001198e-11]
 [-2.21775418e-01  1.08935287e+00  0.00000000e+00 -1.33631335e-10
  -5.08433040e+02 -1.25944545e-01 -2.89206183e-02  1.53597428e-02
  -1.40536863e-02  4.92810751e-04 -1.72807203e+00 -7.90018651e+00
   8.39734720e-04 -1.85070609e-01  2.16915691e-10]
 [ 4.33719084e-04 -1.93822153e-03 -0.00000000e+00 -1.19152469e-13
  -1.25944545e-01  2.11377344e-03  4.90006272e-06 -1.32734491e-05
  -1.97324839e-06 -6.40013800e-06 -6.00897606e-04 -3.00073470e-03
   2.48704750e-03 -7.98236574e-04  4.92835165e-14]
 [-1.32746371e-05  6.97779764e-05  0.00000000e+00 -1.81228417e-14
  -2.89206183e-02  4.90006272e-06  1.47647938e-04 -7.37550212e-05
   7.38416986e-05  5.12179231e-08 -1.35296319e-04 -6.30462659e-04
   2.21188900e-08 -3.54583076e-04  1.90836903e-14]
 [ 4.90023849e-06 -1.35284757e-04  0.00000000e+00  1.90874647e-14
   1.53597428e-02 -1.32734491e-05 -7.37550212e-05  1.47635572e-04
   4.66824253e-08  7.38338681e-05  6.97774175e-05  3.54602903e-04
  -4.27384897e-08  6.30431067e-04 -1.81236592e-14]
 [-6.40082670e-06  1.50421109e-06  0.00000000e+00 -4.32614118e-15
  -1.40536863e-02 -1.97324839e-06  7.38416986e-05  4.66824253e-08
   4.29951577e-05  3.08932233e-05 -6.70185170e-05 -2.66609378e-04
  -1.24993154e-05  9.25153657e-06  5.28795460e-15]
 [-1.97357192e-06 -6.70109922e-05  1.00000000e+00  5.29076410e-15
   4.92810751e-04 -6.40013800e-06  5.12179231e-08  7.38338681e-05
   3.08932233e-05  4.29918627e-05  1.49961606e-06 -9.25037822e-06
   1.24786958e-05  2.66596454e-04 -4.32792342e-15]
 [-1.93822810e-03  5.46663932e-04  0.00000000e+00 -3.97541372e-11
  -1.72807203e+00 -6.00897606e-04 -1.35296319e-04  6.97774175e-05
  -6.70185170e-05  1.49961606e-06  2.05798069e-03 -4.95616167e-01
   4.97499906e-01 -4.98094594e-01  1.98230451e-11]
 [ 7.98186477e-04  4.98094575e-01  0.00000000e+00 -5.56248452e-11
  -7.90018651e+00 -3.00073470e-03 -6.30462659e-04  3.54602903e-04
  -2.66609378e-04 -9.25037822e-06 -4.95616167e-01 -3.16748008e+00
   2.65466579e-04 -2.77453271e-01  9.41666373e-11]
 [-2.48703434e-03 -4.97499898e-01  0.00000000e+00  2.74150780e-14
   8.39734720e-04  2.48704750e-03  2.21188899e-08 -4.27384897e-08
  -1.24993154e-05  1.24786958e-05  4.97499906e-01  2.65466579e-04
  -2.59462999e-04  2.59593073e-04 -2.74431089e-14]
 [ 3.00072539e-03  4.95616257e-01 -0.00000000e+00 -9.41653864e-11
  -1.85070609e-01 -7.98236574e-04 -3.54583076e-04  6.30431067e-04
   9.25153657e-06  2.66596454e-04 -4.98094594e-01 -2.77453271e-01
   2.59593073e-04 -3.16746861e+00  5.56235219e-11]
 [-1.19087521e-13 -3.97541284e-11  0.00000000e+00 -2.00001198e-11
   2.16895743e-10  4.92785754e-14  1.90825558e-14 -1.81230567e-14
   5.28740320e-15 -4.32790417e-15  1.98229775e-11  9.41663274e-11
  -2.74430793e-14  5.56235156e-11  4.00001202e-11]]

Inverse L: 
[[ 1.00000000e+00  0.00000000e+00  0.00000000e+00  0.00000000e+00
   0.00000000e+00  0.00000000e+00  0.00000000e+00  0.00000000e+00
   0.00000000e+00  0.00000000e+00  0.00000000e+00  0.00000000e+00
   0.00000000e+00  0.00000000e+00  0.00000000e+00]
 [-5.00001500e-01  1.00000000e+00  0.00000000e+00  0.00000000e+00
   0.00000000e+00  0.00000000e+00  0.00000000e+00  0.00000000e+00
   0.00000000e+00  0.00000000e+00  0.00000000e+00  0.00000000e+00
   0.00000000e+00  0.00000000e+00  0.00000000e+00]
 [ 2.65988804e-10  1.64106596e-10  1.00000000e+00  0.00000000e+00
   0.00000000e+00  0.00000000e+00  0.00000000e+00  0.00000000e+00
   0.00000000e+00  0.00000000e+00  0.00000000e+00  0.00000000e+00
   0.00000000e+00  0.00000000e+00  0.00000000e+00]
 [-1.04896095e-08 -1.04713653e-08  3.33287107e-01  1.00000000e+00
   0.00000000e+00  0.00000000e+00  0.00000000e+00  0.00000000e+00
   0.00000000e+00  0.00000000e+00  0.00000000e+00  0.00000000e+00
   0.00000000e+00  0.00000000e+00  0.00000000e+00]
 [-1.25212194e-09 -1.28584072e-09  4.97647074e-01 -5.06847964e-01
   1.00000000e+00  0.00000000e+00  0.00000000e+00  0.00000000e+00
   0.00000000e+00  0.00000000e+00  0.00000000e+00  0.00000000e+00
   0.00000000e+00  0.00000000e+00  0.00000000e+00]
 [-9.11321059e-09 -9.16412706e-09 -2.06650538e-02 -5.47965574e-02
  -2.79181401e-03  1.00000000e+00  0.00000000e+00  0.00000000e+00
   0.00000000e+00  0.00000000e+00  0.00000000e+00  0.00000000e+00
   0.00000000e+00  0.00000000e+00  0.00000000e+00]
 [-5.39051663e-09 -5.33281584e-09 -1.30873678e-02 -2.37495106e-02
  -8.59739669e-03 -2.80983033e-01  1.00000000e+00  0.00000000e+00
   0.00000000e+00  0.00000000e+00  0.00000000e+00  0.00000000e+00
   0.00000000e+00  0.00000000e+00  0.00000000e+00]
 [-3.27833122e-09 -3.27814841e-09 -7.93701507e-03 -1.40111352e-02
  -4.87551863e-03 -3.90862802e-01 -3.72527872e-01  1.00000000e+00
   0.00000000e+00  0.00000000e+00  0.00000000e+00  0.00000000e+00
   0.00000000e+00  0.00000000e+00  0.00000000e+00]
 [ 3.53389190e-12  3.64556539e-11  7.47740242e-05 -8.62309841e-06
   1.36565174e-04  3.49912292e-03  1.49590781e-03 -5.45209935e-03
   1.00000000e+00  0.00000000e+00  0.00000000e+00  0.00000000e+00
   0.00000000e+00  0.00000000e+00  0.00000000e+00]
 [-1.21243534e-11 -1.24710217e-10 -2.30678549e-04  2.94287803e-05
  -4.67161439e-04 -1.69723069e-02 -1.19185775e-04 -9.81343696e-01
  -3.42123492e+00  1.00000000e+00 -0.00000000e+00 -0.00000000e+00
  -0.00000000e+00 -0.00000000e+00 -0.00000000e+00]
 [ 1.50250799e-11 -2.84618602e-11  1.63805659e-05 -2.04480812e-05
   5.00706794e-05  3.23923101e-04 -1.31650983e-03  1.40897477e-01
  -7.61162573e-05 -1.45067631e-01  1.00000000e+00  0.00000000e+00
   0.00000000e+00  0.00000000e+00  0.00000000e+00]
 [ 2.97141838e-11 -1.75363211e-11 -4.53592848e-06 -1.97272162e-04
   1.08624039e-04  2.37542533e-04 -9.72864448e-04  1.57057958e-01
  -8.18612446e-05 -1.56348910e-01  8.66886026e-02  1.00000000e+00
   0.00000000e+00  0.00000000e+00  0.00000000e+00]
 [ 2.62812267e-13 -4.26596476e-13  2.76411744e-05 -3.02099619e-05
   5.68818626e-05  2.47711173e-04  4.36193953e-04  3.39881931e-03
  -1.65161320e-06 -2.14256900e-03  1.55383028e-02  3.64001931e-04
   1.00000000e+00  0.00000000e+00  0.00000000e+00]
 [ 5.29075536e-15 -4.32790417e-15  3.08932233e-05  7.38338681e-05
   5.12179231e-08 -6.40013800e-06 -1.97357192e-06  1.49961606e-06
   1.24786958e-05 -6.70109922e-05 -9.25037822e-06  2.66596454e-04
   4.92810751e-04  1.00000000e+00 -0.00000000e+00]
 [ 1.23064111e-10 -1.00667984e-10  7.18583038e-01  1.71739170e+00
   1.19133994e-03 -1.48868590e-01 -4.59057084e-02  3.48813929e-02
   2.90257155e-01 -1.55869013e+00 -2.15165793e-01  6.20109103e+00
   1.14628844e+01  2.32602157e+04  1.00000000e+00]]

Inverse U: 
[[ 3.00000300e-11 -2.00001200e-11 -1.66156809e-15 -1.09812315e-12
  -1.86670375e-13 -9.92175680e-12 -7.44299853e-12 -1.98855905e-11
  -6.01491187e-12 -1.76279822e-12 -4.53895920e-11 -9.41167429e-11
  -1.33622440e-10 -1.23064111e-10  5.29075536e-15]
 [ 0.00000000e+00  4.00001200e-11 -1.02513444e-15 -1.09621323e-12
  -1.91697279e-13 -9.97719070e-12 -7.36332771e-12 -1.98844816e-11
  -6.20498736e-11 -1.81320142e-11  8.59810549e-11  5.55445652e-11
   2.16895743e-10  1.00667984e-10 -4.32790417e-15]
 [-0.00000000e+00 -0.00000000e+00 -6.24675949e-06  3.48907450e-05
   7.41908299e-05 -2.24985076e-05 -1.80704867e-05 -4.81440773e-05
  -1.27270210e-04 -3.35390863e-05 -4.94844094e-05  1.43671055e-05
  -1.40536863e-02 -7.18583038e-01  3.08932233e-05]
 [ 0.00000000e+00  0.00000000e+00  0.00000000e+00  1.04686753e-04
  -7.55625284e-05 -5.96582412e-05 -3.27923249e-05 -8.49882693e-05
   1.46770695e-05  4.27874376e-06  6.17720551e-05  6.24840091e-04
   1.53597428e-02 -1.71739170e+00  7.38338681e-05]
 [ 0.00000000e+00  0.00000000e+00  0.00000000e+00  0.00000000e+00
   1.49083224e-04 -3.03951053e-06 -1.18709236e-05 -2.95737558e-05
  -2.32442732e-04 -6.79220842e-05 -1.51259609e-04 -3.44055915e-04
  -2.89206183e-02 -1.19133994e-03  5.12179231e-08]
 [ 0.00000000e+00  0.00000000e+00  0.00000000e+00  0.00000000e+00
   0.00000000e+00  1.08872243e-03 -3.87969549e-04 -2.37088235e-03
  -5.95573283e-03 -2.46765757e-03 -9.78546368e-04 -7.52392516e-04
  -1.25944545e-01  1.48868590e-01 -6.40013800e-06]
 [ 0.00000000e+00  0.00000000e+00  0.00000000e+00  0.00000000e+00
   0.00000000e+00  0.00000000e+00  1.38075792e-03 -2.25966695e-03
  -2.54613154e-03 -1.73287980e-05  3.97707329e-03  3.08145207e-03
  -2.21775418e-01  4.59057084e-02 -1.97357192e-06]
 [ 0.00000000e+00  0.00000000e+00  0.00000000e+00  0.00000000e+00
   0.00000000e+00  0.00000000e+00  0.00000000e+00  6.06576614e-03
   9.27982463e-03 -1.42680674e-01 -4.25640265e-01 -4.97465573e-01
  -1.72807203e+00 -3.48813929e-02  1.49961606e-06]
 [-0.00000000e+00 -0.00000000e+00 -0.00000000e+00 -0.00000000e+00
  -0.00000000e+00 -0.00000000e+00 -0.00000000e+00 -0.00000000e+00
  -1.70206448e+00 -4.97424203e-01  2.29941264e-04  2.59287408e-04
   8.39734720e-04 -2.90257155e-01  1.24786958e-05]
 [ 0.00000000e+00  0.00000000e+00  0.00000000e+00  0.00000000e+00
   0.00000000e+00  0.00000000e+00  0.00000000e+00  0.00000000e+00
   0.00000000e+00  1.45393174e-01  4.38237974e-01  4.95219731e-01
   1.08935287e+00  1.55869013e+00 -6.70109922e-05]
 [-0.00000000e+00 -0.00000000e+00 -0.00000000e+00 -0.00000000e+00
  -0.00000000e+00 -0.00000000e+00 -0.00000000e+00 -0.00000000e+00
  -0.00000000e+00 -0.00000000e+00 -3.02092184e+00 -2.74577588e-01
  -7.90018651e+00  2.15165793e-01 -9.25037822e-06]
 [-0.00000000e+00 -0.00000000e+00 -0.00000000e+00 -0.00000000e+00
  -0.00000000e+00 -0.00000000e+00 -0.00000000e+00 -0.00000000e+00
  -0.00000000e+00 -0.00000000e+00 -0.00000000e+00 -3.16740125e+00
  -1.85070609e-01 -6.20109103e+00  2.66596454e-04]
 [-0.00000000e+00 -0.00000000e+00 -0.00000000e+00 -0.00000000e+00
  -0.00000000e+00 -0.00000000e+00 -0.00000000e+00 -0.00000000e+00
  -0.00000000e+00 -0.00000000e+00 -0.00000000e+00 -0.00000000e+00
  -5.08433040e+02 -1.14628844e+01  4.92810751e-04]
 [-0.00000000e+00 -0.00000000e+00 -0.00000000e+00 -0.00000000e+00
  -0.00000000e+00 -0.00000000e+00 -0.00000000e+00 -0.00000000e+00
  -0.00000000e+00 -0.00000000e+00 -0.00000000e+00 -0.00000000e+00
  -0.00000000e+00 -2.32602157e+04  1.00000000e+00]
 [ 0.00000000e+00  0.00000000e+00  0.00000000e+00  0.00000000e+00
   0.00000000e+00  0.00000000e+00  0.00000000e+00  0.00000000e+00
   0.00000000e+00  0.00000000e+00  0.00000000e+00  0.00000000e+00
   0.00000000e+00  0.00000000e+00  4.29918627e-05]]

Inverse D: 
[[1. 0. 0. 0. 0. 0. 0. 0. 0. 0. 0. 0. 0. 0. 0.]
 [0. 1. 0. 0. 0. 0. 0. 0. 0. 0. 0. 0. 0. 0. 0.]
 [0. 0. 1. 0. 0. 0. 0. 0. 0. 0. 0. 0. 0. 0. 0.]
 [0. 0. 0. 1. 0. 0. 0. 0. 0. 0. 0. 0. 0. 0. 0.]
 [0. 0. 0. 0. 1. 0. 0. 0. 0. 0. 0. 0. 0. 0. 0.]
 [0. 0. 0. 0. 0. 1. 0. 0. 0. 0. 0. 0. 0. 0. 0.]
 [0. 0. 0. 0. 0. 0. 1. 0. 0. 0. 0. 0. 0. 0. 0.]
 [0. 0. 0. 0. 0. 0. 0. 1. 0. 0. 0. 0. 0. 0. 0.]
 [0. 0. 0. 0. 0. 0. 0. 0. 1. 0. 0. 0. 0. 0. 0.]
 [0. 0. 0. 0. 0. 0. 0. 0. 0. 1. 0. 0. 0. 0. 0.]
 [0. 0. 0. 0. 0. 0. 0. 0. 0. 0. 1. 0. 0. 0. 0.]
 [0. 0. 0. 0. 0. 0. 0. 0. 0. 0. 0. 1. 0. 0. 0.]
 [0. 0. 0. 0. 0. 0. 0. 0. 0. 0. 0. 0. 1. 0. 0.]
 [0. 0. 0. 0. 0. 0. 0. 0. 0. 0. 0. 0. 0. 1. 0.]
 [0. 0. 0. 0. 0. 0. 0. 0. 0. 0. 0. 0. 0. 0. 1.]]

Inverse of A Decomposed: 
[[ 2.11376934e-03 -6.00885933e-04  6.92752454e-17  4.91839164e-14
  -2.21775418e-01  4.33719084e-04 -1.32746371e-05  4.90023849e-06
  -6.40082670e-06 -1.97357192e-06 -1.93822810e-03  7.98186477e-04
  -2.48703434e-03  3.00072539e-03 -1.19087521e-13]
 [-6.00885933e-04  2.05795034e-03  2.39278859e-16  1.98231078e-11
   1.08935287e+00 -1.93822153e-03  6.97779764e-05 -1.35284757e-04
   1.50421109e-06 -6.70109922e-05  5.46663932e-04  4.98094575e-01
  -4.97499898e-01  4.95616257e-01 -3.97541284e-11]
 [ 6.93889390e-18  0.00000000e+00  0.00000000e+00  0.00000000e+00
  -1.77635684e-15  0.00000000e+00  0.00000000e+00  0.00000000e+00
   0.00000000e+00  1.00000000e+00  0.00000000e+00  0.00000000e+00
   0.00000000e+00  0.00000000e+00  0.00000000e+00]
 [ 4.91839164e-14  1.98231078e-11  2.07796763e-24  4.00001202e-11
  -1.33622440e-10 -1.19150265e-13 -1.81223356e-14  1.90871957e-14
  -4.32589530e-15  5.29075536e-15 -3.97541067e-11 -5.56247069e-11
   2.74150544e-14 -9.41653817e-11 -2.00001198e-11]
 [-2.21775418e-01  1.08935287e+00  2.24282366e-15 -1.33622440e-10
  -5.08433040e+02 -1.25944545e-01 -2.89206183e-02  1.53597428e-02
  -1.40536863e-02  4.92810751e-04 -1.72807203e+00 -7.90018651e+00
   8.39734720e-04 -1.85070609e-01  2.16895743e-10]
 [ 4.33719084e-04 -1.93822153e-03 -6.80356370e-17 -1.19150265e-13
  -1.25944545e-01  2.11377344e-03  4.90006272e-06 -1.32734491e-05
  -1.97324839e-06 -6.40013800e-06 -6.00897606e-04 -3.00073470e-03
   2.48704750e-03 -7.98236574e-04  4.92785754e-14]
 [-1.32746371e-05  6.97779764e-05  1.36976865e-18 -1.81223356e-14
  -2.89206183e-02  4.90006272e-06  1.47647938e-04 -7.37550212e-05
   7.38416986e-05  5.12179231e-08 -1.35296319e-04 -6.30462659e-04
   2.21188900e-08 -3.54583076e-04  1.90825558e-14]
 [ 4.90023849e-06 -1.35284757e-04 -6.56001399e-17  1.90871957e-14
   1.53597428e-02 -1.32734491e-05 -7.37550212e-05  1.47635572e-04
   4.66824253e-08  7.38338681e-05  6.97774175e-05  3.54602903e-04
  -4.27384897e-08  6.30431067e-04 -1.81230567e-14]
 [-6.40082670e-06  1.50421109e-06 -9.11603415e-17 -4.32589530e-15
  -1.40536863e-02 -1.97324839e-06  7.38416986e-05  4.66824253e-08
   4.29951577e-05  3.08932233e-05 -6.70185170e-05 -2.66609378e-04
  -1.24993154e-05  9.25153657e-06  5.28740320e-15]
 [-1.97357192e-06 -6.70109922e-05  1.00000000e+00  5.29075536e-15
   4.92810751e-04 -6.40013800e-06  5.12179231e-08  7.38338681e-05
   3.08932233e-05  4.29918627e-05  1.49961606e-06 -9.25037822e-06
   1.24786958e-05  2.66596454e-04 -4.32790417e-15]
 [-1.93822810e-03  5.46663932e-04 -1.47645087e-16 -3.97541067e-11
  -1.72807203e+00 -6.00897606e-04 -1.35296319e-04  6.97774175e-05
  -6.70185170e-05  1.49961606e-06  2.05798069e-03 -4.95616167e-01
   4.97499906e-01 -4.98094594e-01  1.98229775e-11]
 [ 7.98186477e-04  4.98094575e-01 -3.31484398e-18 -5.56247069e-11
  -7.90018651e+00 -3.00073470e-03 -6.30462659e-04  3.54602903e-04
  -2.66609378e-04 -9.25037822e-06 -4.95616167e-01 -3.16748008e+00
   2.65466579e-04 -2.77453271e-01  9.41663274e-11]
 [-2.48703434e-03 -4.97499898e-01 -1.14619586e-15  2.74150544e-14
   8.39734720e-04  2.48704750e-03  2.21188900e-08 -4.27384897e-08
  -1.24993154e-05  1.24786958e-05  4.97499906e-01  2.65466579e-04
  -2.59462999e-04  2.59593073e-04 -2.74430793e-14]
 [ 3.00072539e-03  4.95616257e-01  4.63749779e-16 -9.41653817e-11
  -1.85070609e-01 -7.98236574e-04 -3.54583076e-04  6.30431067e-04
   9.25153657e-06  2.66596454e-04 -4.98094594e-01 -2.77453271e-01
   2.59593073e-04 -3.16746861e+00  5.56235156e-11]
 [-1.19087521e-13 -3.97541284e-11  1.31279092e-24 -2.00001198e-11
   2.16895743e-10  4.92785754e-14  1.90825558e-14 -1.81230567e-14
   5.28740320e-15 -4.32790417e-15  1.98229775e-11  9.41663274e-11
  -2.74430793e-14  5.56235156e-11  4.00001202e-11]]

(Inverse of A) - (Decomposed Inverse): 
[[ 4.33680869e-19 -1.34441069e-17 -6.92752454e-17 -3.87880821e-18
   2.77555756e-16  3.79470760e-19  2.21922632e-19 -1.39760436e-19
  -3.07472960e-19  2.45216038e-19  4.55364912e-18 -7.20994445e-17
   7.84962373e-17 -8.02309608e-17  8.70218471e-18]
 [ 3.25260652e-19  1.48318857e-16 -2.39278859e-16  1.92812220e-17
  -1.33226763e-15  2.16840434e-19 -3.37457926e-18 -1.35525272e-18
  -3.36314432e-18 -1.80248611e-18 -1.00939222e-16 -4.99600361e-16
   1.11022302e-16 -1.11022302e-16 -4.25838132e-17]
 [-2.26369867e-16  2.33328827e-16 -0.00000000e+00 -2.97268033e-25
  -1.31618067e-13 -1.14000554e-16  1.91184036e-15 -6.98133437e-16
   4.83580036e-16  2.22044605e-16 -2.47792409e-15 -6.48942387e-15
  -1.43291446e-17 -2.78419683e-15  8.40105310e-26]
 [-7.66772800e-27 -3.48966821e-25 -2.07796763e-24 -1.29246971e-26
  -1.83530698e-24  2.92825168e-27  1.69131778e-26 -5.67033219e-27
   6.27538850e-27  3.66978093e-27  3.61891518e-25 -2.31998312e-24
   3.48209830e-24 -2.35229487e-24  6.46234854e-27]
 [-4.71844785e-16 -2.97539771e-14 -2.24282366e-15 -8.89551225e-15
  -3.97903932e-13  0.00000000e+00 -1.45369827e-15  5.56846236e-16
  -1.23859256e-15  2.62593766e-16  1.02140518e-14 -1.07469589e-13
   1.74844405e-13 -1.67282854e-13  1.99480527e-14]
 [ 6.50521303e-19 -2.62376926e-17  6.80356370e-17 -2.20385816e-18
   8.32667268e-16  0.00000000e+00  5.21772296e-19 -3.06625927e-19
  -6.81861523e-20  1.47383733e-19  2.02745806e-17  1.48752538e-16
  -8.50014503e-17  1.62088225e-16  4.94111695e-18]
 [-5.75982404e-20 -1.40946282e-18 -1.36976865e-18 -5.06148221e-19
  -6.59194921e-17 -1.77876919e-20  8.13151629e-20 -1.89735380e-19
   6.77626358e-20 -8.92163921e-20  4.33680869e-19 -8.99887803e-18
   1.20255120e-17 -1.21972744e-17  1.13457357e-18]
 [ 3.13402190e-20  1.84314369e-18  6.56001399e-17  2.69013544e-19
   3.12250226e-17  1.69406589e-21  0.00000000e+00  8.13151629e-20
   1.24540313e-20  5.42101086e-20 -1.35525272e-18  7.31836466e-18
  -1.16274396e-17  6.61363325e-18 -6.02432604e-19]
 [-3.21872520e-20 -3.22084278e-19  9.11603415e-17 -2.45876307e-19
  -3.29597460e-17 -2.07523072e-20  9.48676901e-20 -8.23673367e-20
   4.06575815e-20 -3.38813179e-20 -1.76182853e-19 -3.63207728e-18
   4.11319199e-18 -5.91228997e-18  5.51392012e-19]
 [ 2.49874719e-20 -2.71050543e-20  0.00000000e+00  8.74162989e-21
   1.60461922e-17  3.47283508e-20  3.61113968e-20 -1.35525272e-20
   2.03287907e-20  2.03287907e-20 -2.64697796e-20  8.25010091e-19
  -8.69055804e-19  9.21571847e-19 -1.92510445e-20]
 [-1.30104261e-18 -1.65123991e-16  1.47645087e-16 -3.04571338e-17
   2.22044605e-16 -1.19262239e-18 -1.32814766e-18  3.11708125e-18
   7.31836466e-19  1.62587974e-18  1.07119175e-16  5.55111512e-16
  -1.66533454e-16  0.00000000e+00  6.76428830e-17]
 [-1.70436582e-16 -8.32667268e-16  3.31484398e-18 -1.38352628e-16
  -1.94511074e-13  1.00613962e-16  6.78710560e-17  1.41488384e-17
   4.84638371e-17  4.07914127e-17  5.55111512e-16 -6.26165786e-14
   6.47656841e-14 -6.47260023e-14  3.09869163e-16]
 [ 1.63064007e-16  2.22044605e-16  1.14619586e-15  2.36805018e-20
   1.92548668e-13 -1.07119175e-16 -6.41138892e-17 -9.34851735e-18
  -4.07168738e-17 -3.61564484e-17 -2.77555756e-16  6.47556011e-14
  -6.53217172e-14  6.52616524e-14 -2.96112220e-20]
 [-1.64365049e-16 -3.33066907e-16 -4.63749779e-16 -4.66694507e-18
  -1.92568184e-13  1.05926552e-16  6.44016090e-17  9.43255890e-18
   4.11793538e-17  3.62123526e-17  3.33066907e-16 -6.45594689e-14
   6.49278266e-14 -6.52811138e-14  6.25827306e-18]
 [-7.32062920e-28  3.23117427e-26 -1.31279092e-24  9.69352280e-27
   1.05724022e-23 -9.08136674e-27 -5.48731646e-27  3.50254242e-28
  -3.32110441e-27 -1.82542413e-27 -9.69352280e-27  2.66248760e-24
  -2.73826242e-24  2.75296048e-24 -6.46234854e-27]]

