********** LU Decomposition **********

Matrix A: 
[[1. 2. 8.]
 [6. 4. 7.]
 [5. 3. 9.]]

Matrix A Decomposed: 
[[ 9.          5.          3.        ]
 [ 0.88888889 -3.44444444 -0.66666667]
 [ 0.77777778 -0.61290323  1.25806452]]

Matrix L: 
[[ 1.          0.          0.        ]
 [ 0.88888889  1.          0.        ]
 [ 0.77777778 -0.61290323  1.        ]]

Matrix U: 
[[ 9.          5.          3.        ]
 [ 0.         -3.44444444 -0.66666667]
 [ 0.          0.          1.25806452]]

Matrix D: 
[[1. 0. 0.]
 [0. 1. 0.]
 [0. 0. 1.]]

Permuted Rows: 
[[0. 0. 1.]
 [1. 0. 0.]
 [0. 1. 0.]]

Permuted Columns: 
[[0. 1. 0.]
 [0. 0. 1.]
 [1. 0. 0.]]

Inverse A: 
[[-0.38461538 -0.15384615  0.46153846]
 [ 0.48717949  0.79487179 -1.05128205]
 [ 0.05128205 -0.17948718  0.20512821]]

Inverse L: 
[[ 1.          0.          0.        ]
 [-0.88888889  1.          0.        ]
 [-1.32258065  0.61290323  1.        ]]

Inverse U: 
[[ 0.11111111  0.16129032 -0.17948718]
 [-0.         -0.29032258 -0.15384615]
 [ 0.          0.          0.79487179]]

Inverse D: 
[[1. 0. 0.]
 [0. 1. 0.]
 [0. 0. 1.]]

Inverse of A Decomposed: 
[[-0.38461538 -0.15384615  0.46153846]
 [ 0.48717949  0.79487179 -1.05128205]
 [ 0.05128205 -0.17948718  0.20512821]]

(Inverse of A) - (Decomposed Inverse): 
[[-5.55111512e-17 -8.32667268e-17  2.77555756e-16]
 [ 5.55111512e-17  2.22044605e-16 -4.44089210e-16]
 [ 2.08166817e-17 -2.77555756e-17  2.77555756e-17]]

