********** LDLt Decomposition **********

Matrix A: 
[[ 8.15732e+02  4.18604e+02  0.00000e+00  4.20445e+02 -1.00000e+00
   2.81869e+02  2.32076e+02  3.97658e+02  6.51193e+01  0.00000e+00
   4.21275e+02  2.34737e+00  5.71453e-02 -1.39624e-01  4.19713e+02]
 [ 4.18604e+02  5.20872e+02  0.00000e+00  5.19833e+02 -1.00000e+00
   4.88090e+02  3.34978e+02  5.27169e+02 -9.12066e+00  0.00000e+00
   5.20524e+02  2.60818e+00 -1.54670e+00 -1.82023e-01  5.19888e+02]
 [ 0.00000e+00  0.00000e+00  0.00000e+00  0.00000e+00  0.00000e+00
   0.00000e+00 -1.00000e+00 -1.00000e+00  1.00000e+00  1.00000e+00
   0.00000e+00  0.00000e+00  0.00000e+00  0.00000e+00  0.00000e+00]
 [ 4.20445e+02  5.19833e+02  0.00000e+00  3.33333e+10 -1.00000e+00
   4.86144e+02  3.36579e+02  5.28043e+02 -1.16014e+01  0.00000e+00
   5.19504e+02  2.57783e+00 -2.63573e-01 -8.77493e-01  1.66667e+10]
 [-1.00000e+00 -1.00000e+00  0.00000e+00 -1.00000e+00  0.00000e+00
  -1.00000e+00 -1.00000e+00 -1.00000e+00  0.00000e+00  0.00000e+00
  -1.00000e+00  0.00000e+00  0.00000e+00  0.00000e+00 -1.00000e+00]
 [ 2.81869e+02  4.88090e+02  0.00000e+00  4.86144e+02 -1.00000e+00
   9.48696e+02  3.48620e+02  5.65821e+02 -8.66241e+01  0.00000e+00
   4.84754e+02  2.56467e+00 -1.13458e+00  7.76692e-02  4.86978e+02]
 [ 2.32076e+02  3.34978e+02 -1.00000e+00  3.36579e+02 -1.00000e+00
   3.48620e+02 -6.19664e+04 -3.07225e+04  1.06707e+05  0.00000e+00
   3.37077e+02  2.02037e+00  4.89366e-01  5.55045e-01  3.35855e+02]
 [ 3.97658e+02  5.27169e+02 -1.00000e+00  5.28043e+02 -1.00000e+00
   5.65821e+02 -3.07225e+04 -8.22976e+03  5.33536e+04  0.00000e+00
   5.27669e+02  2.96425e+00  4.37361e-01  1.49892e+00  5.27173e+02]
 [ 6.51193e+01 -9.12066e+00  1.00000e+00 -1.16014e+01  0.00000e+00
  -8.66241e+01  1.06707e+05  5.33536e+04 -1.60083e+05  0.00000e+00
  -1.23841e+01 -1.09425e+00 -2.00416e+00 -1.09425e+00 -9.90337e+00]
 [ 0.00000e+00  0.00000e+00  1.00000e+00  0.00000e+00  0.00000e+00
   0.00000e+00  0.00000e+00  0.00000e+00  0.00000e+00  0.00000e+00
   0.00000e+00  0.00000e+00  0.00000e+00  0.00000e+00  0.00000e+00]
 [ 4.21275e+02  5.20524e+02  0.00000e+00  5.19504e+02 -1.00000e+00
   4.84754e+02  3.37077e+02  5.27669e+02 -1.23841e+01  0.00000e+00
   5.20207e+02  2.60707e+00  4.69261e-01 -1.83137e-01  5.19552e+02]
 [ 2.34737e+00  2.60818e+00  0.00000e+00  2.57783e+00  0.00000e+00
   2.56467e+00  2.02037e+00  2.96425e+00 -1.09425e+00  0.00000e+00
   2.60707e+00 -3.17777e-01 -2.90078e-01  2.78837e-02  3.30254e+00]
 [ 5.71453e-02 -1.54670e+00  0.00000e+00 -2.63573e-01  0.00000e+00
  -1.13458e+00  4.89366e-01  4.37361e-01 -2.00416e+00  0.00000e+00
   4.69261e-01 -2.90078e-01 -5.80992e-01 -2.90078e-01 -8.13864e-01]
 [-1.39624e-01 -1.82023e-01  0.00000e+00 -8.77493e-01  0.00000e+00
   7.76692e-02  5.55045e-01  1.49892e+00 -1.09425e+00  0.00000e+00
  -1.83137e-01  2.78837e-02 -2.90078e-01 -3.17777e-01 -1.52792e-01]
 [ 4.19713e+02  5.19888e+02  0.00000e+00  1.66667e+10 -1.00000e+00
   4.86978e+02  3.35855e+02  5.27173e+02 -9.90337e+00  0.00000e+00
   5.19552e+02  3.30254e+00 -8.13864e-01 -1.52792e-01  3.33333e+10]]

Matrix A Decomposed: 
[[ 3.33333000e+10  5.00001500e-01 -3.48042348e-10  1.58413058e-08
   1.00973801e-08  1.45843346e-08  1.26133626e-08  1.55851356e-08
  -7.90719791e-12  1.55950056e-08  7.73349773e-11 -2.63248163e-11
  -3.00000300e-11  0.00000000e+00  0.00000000e+00]
 [ 5.00001500e-01  2.49999250e+10 -1.64106596e-10  1.05260599e-08
   6.70261991e-09  9.75624010e-09  8.37961991e-09  1.03920000e-08
  -2.72831660e-11  1.03988600e-08  8.05450870e-11  1.14382670e-11
  -2.00000000e-11  0.00000000e+00  0.00000000e+00]
 [-3.48042348e-10 -1.64106596e-10 -1.60083000e+05 -3.33287107e-01
  -6.66572965e-01  5.41119918e-04 -4.06784607e-04  7.73604928e-05
   1.25195055e-05  5.69745680e-05  6.83551657e-06  6.83551658e-06
   2.68670252e-15 -6.24675949e-06  0.00000000e+00]
 [ 1.58413058e-08  1.05260599e-08 -3.33287107e-01  9.55230700e+03
   5.06847964e-01  5.62115826e-02  4.39015847e-02  5.48078625e-02
  -2.41407314e-05  5.48693829e-02  2.72138502e-04  1.18737871e-04
  -1.04686750e-04 -6.97960077e-05  0.00000000e+00]
 [ 1.00973801e-08  6.70261991e-09 -6.66572965e-01  5.06847964e-01
   6.70766285e+03  2.79181401e-03  9.38184906e-03  9.46173514e-03
  -1.08782136e-04  9.42870804e-03 -3.96626895e-06 -1.11697603e-04
  -7.35206949e-05  6.70134680e-07  0.00000000e+00]
 [ 1.45843346e-08  9.75624010e-09  5.41119918e-04  5.62115826e-02
   2.79181401e-03  9.18507758e+02  2.80983033e-01  4.95536814e-01
  -1.21773170e-03  4.99131578e-01  2.63384982e-03  1.80692064e-05
  -1.02602466e-03  4.01992442e-05  0.00000000e+00]
 [ 1.26133626e-08  8.37961991e-09 -4.06784607e-04  4.39015847e-02
   9.38184906e-03  2.80983033e-01  7.24239916e+02  3.72527872e-01
   5.35151160e-04  3.67527943e-01  2.14472113e-03 -2.58888559e-04
  -9.48125107e-04  2.65927618e-05  0.00000000e+00]
 [ 1.55851356e-08  1.03920000e-08  7.73604928e-05  5.48078625e-02
   9.46173514e-03  4.95536814e-01  3.72527872e-01  1.64859636e+02
   5.45209935e-03  9.99996609e-01  4.17007681e-03 -1.07063072e-03
  -1.32065477e-03  6.64179478e-05  0.00000000e+00]
 [-7.90719791e-12 -2.72831660e-11  1.25195055e-05 -2.41407314e-05
  -1.08782136e-04 -1.21773170e-03  5.35151160e-04  5.45209935e-03
  -5.87521809e-01  3.42123492e+00  4.96386561e-01  4.91957153e-01
  -5.60194523e-04  9.04954516e-05  0.00000000e+00]
 [ 1.55950056e-08  1.03988600e-08  5.69745680e-05  5.48693829e-02
   9.42870804e-03  4.99131578e-01  3.67527943e-01  9.99996609e-01
   3.42123492e+00  6.87790201e+00  1.45067631e-01  1.43773199e-01
  -1.63869490e-04  3.01042542e-05  0.00000000e+00]
 [ 7.73349773e-11  8.05450870e-11  6.83551657e-06  2.72138502e-04
  -3.96626895e-06  2.63384982e-03  2.14472113e-03  4.17007681e-03
   4.96386561e-01  1.45067631e-01 -3.31024784e-01 -8.66886026e-02
  -1.55067479e-02  4.00031444e-05  0.00000000e+00]
 [-2.63248163e-11  1.14382670e-11  6.83551658e-06  1.18737871e-04
  -1.11697603e-04  1.80692064e-05 -2.58888559e-04 -1.07063072e-03
   4.91957153e-01  1.43773199e-01 -8.66886026e-02 -3.15716236e-01
  -3.64001931e-04 -2.66417070e-04  0.00000000e+00]
 [-3.00000300e-11 -2.00000000e-11  2.68670252e-15 -1.04686750e-04
  -7.35206949e-05 -1.02602466e-03 -9.48125107e-04 -1.32065477e-03
  -5.60194523e-04 -1.63869490e-04 -1.55067479e-02 -3.64001931e-04
  -1.96682733e-03 -4.92810751e-04  0.00000000e+00]
 [ 0.00000000e+00  0.00000000e+00 -6.24675949e-06 -6.97960077e-05
   6.70134680e-07  4.01992442e-05  2.65927618e-05  6.64179478e-05
   9.04954516e-05  3.01042542e-05  4.00031444e-05 -2.66417070e-04
  -4.92810751e-04 -4.29918627e-05 -2.32602157e+04]
 [ 0.00000000e+00  0.00000000e+00  0.00000000e+00  0.00000000e+00
   0.00000000e+00  0.00000000e+00  0.00000000e+00  0.00000000e+00
   0.00000000e+00  0.00000000e+00  0.00000000e+00  0.00000000e+00
   0.00000000e+00 -2.32602157e+04  2.32602157e+04]]

Matrix L: 
[[ 1.00000000e+00  0.00000000e+00  0.00000000e+00  0.00000000e+00
   0.00000000e+00  0.00000000e+00  0.00000000e+00  0.00000000e+00
   0.00000000e+00  0.00000000e+00  0.00000000e+00  0.00000000e+00
   0.00000000e+00  0.00000000e+00  0.00000000e+00]
 [ 5.00001500e-01  1.00000000e+00  0.00000000e+00  0.00000000e+00
   0.00000000e+00  0.00000000e+00  0.00000000e+00  0.00000000e+00
   0.00000000e+00  0.00000000e+00  0.00000000e+00  0.00000000e+00
   0.00000000e+00  0.00000000e+00  0.00000000e+00]
 [-3.48042348e-10 -1.64106596e-10  1.00000000e+00  0.00000000e+00
   0.00000000e+00  0.00000000e+00  0.00000000e+00  0.00000000e+00
   0.00000000e+00  0.00000000e+00  0.00000000e+00  0.00000000e+00
   0.00000000e+00  0.00000000e+00  0.00000000e+00]
 [ 1.58413058e-08  1.05260599e-08 -3.33287107e-01  1.00000000e+00
   0.00000000e+00  0.00000000e+00  0.00000000e+00  0.00000000e+00
   0.00000000e+00  0.00000000e+00  0.00000000e+00  0.00000000e+00
   0.00000000e+00  0.00000000e+00  0.00000000e+00]
 [ 1.00973801e-08  6.70261991e-09 -6.66572965e-01  5.06847964e-01
   1.00000000e+00  0.00000000e+00  0.00000000e+00  0.00000000e+00
   0.00000000e+00  0.00000000e+00  0.00000000e+00  0.00000000e+00
   0.00000000e+00  0.00000000e+00  0.00000000e+00]
 [ 1.45843346e-08  9.75624010e-09  5.41119918e-04  5.62115826e-02
   2.79181401e-03  1.00000000e+00  0.00000000e+00  0.00000000e+00
   0.00000000e+00  0.00000000e+00  0.00000000e+00  0.00000000e+00
   0.00000000e+00  0.00000000e+00  0.00000000e+00]
 [ 1.26133626e-08  8.37961991e-09 -4.06784607e-04  4.39015847e-02
   9.38184906e-03  2.80983033e-01  1.00000000e+00  0.00000000e+00
   0.00000000e+00  0.00000000e+00  0.00000000e+00  0.00000000e+00
   0.00000000e+00  0.00000000e+00  0.00000000e+00]
 [ 1.55851356e-08  1.03920000e-08  7.73604928e-05  5.48078625e-02
   9.46173514e-03  4.95536814e-01  3.72527872e-01  1.00000000e+00
   0.00000000e+00  0.00000000e+00  0.00000000e+00  0.00000000e+00
   0.00000000e+00  0.00000000e+00  0.00000000e+00]
 [-7.90719791e-12 -2.72831660e-11  1.25195055e-05 -2.41407314e-05
  -1.08782136e-04 -1.21773170e-03  5.35151160e-04  5.45209935e-03
   1.00000000e+00  0.00000000e+00  0.00000000e+00  0.00000000e+00
   0.00000000e+00  0.00000000e+00  0.00000000e+00]
 [ 1.55950056e-08  1.03988600e-08  5.69745680e-05  5.48693829e-02
   9.42870804e-03  4.99131578e-01  3.67527943e-01  9.99996609e-01
   3.42123492e+00  1.00000000e+00  0.00000000e+00  0.00000000e+00
   0.00000000e+00  0.00000000e+00  0.00000000e+00]
 [ 7.73349773e-11  8.05450870e-11  6.83551657e-06  2.72138502e-04
  -3.96626895e-06  2.63384982e-03  2.14472113e-03  4.17007681e-03
   4.96386561e-01  1.45067631e-01  1.00000000e+00  0.00000000e+00
   0.00000000e+00  0.00000000e+00  0.00000000e+00]
 [-2.63248163e-11  1.14382670e-11  6.83551658e-06  1.18737871e-04
  -1.11697603e-04  1.80692064e-05 -2.58888559e-04 -1.07063072e-03
   4.91957153e-01  1.43773199e-01 -8.66886026e-02  1.00000000e+00
   0.00000000e+00  0.00000000e+00  0.00000000e+00]
 [-3.00000300e-11 -2.00000000e-11  2.68670252e-15 -1.04686750e-04
  -7.35206949e-05 -1.02602466e-03 -9.48125107e-04 -1.32065477e-03
  -5.60194523e-04 -1.63869490e-04 -1.55067479e-02 -3.64001931e-04
   1.00000000e+00  0.00000000e+00  0.00000000e+00]
 [ 0.00000000e+00  0.00000000e+00 -6.24675949e-06 -6.97960077e-05
   6.70134680e-07  4.01992442e-05  2.65927618e-05  6.64179478e-05
   9.04954516e-05  3.01042542e-05  4.00031444e-05 -2.66417070e-04
  -4.92810751e-04  1.00000000e+00  0.00000000e+00]
 [ 0.00000000e+00  0.00000000e+00  0.00000000e+00  0.00000000e+00
   0.00000000e+00  0.00000000e+00  0.00000000e+00  0.00000000e+00
   0.00000000e+00  0.00000000e+00  0.00000000e+00  0.00000000e+00
   0.00000000e+00 -2.32602157e+04  1.00000000e+00]]

Matrix U: 
[[ 1.00000000e+00  5.00001500e-01 -3.48042348e-10  1.58413058e-08
   1.00973801e-08  1.45843346e-08  1.26133626e-08  1.55851356e-08
  -7.90719791e-12  1.55950056e-08  7.73349773e-11 -2.63248163e-11
  -3.00000300e-11  0.00000000e+00  0.00000000e+00]
 [ 0.00000000e+00  1.00000000e+00 -1.64106596e-10  1.05260599e-08
   6.70261991e-09  9.75624010e-09  8.37961991e-09  1.03920000e-08
  -2.72831660e-11  1.03988600e-08  8.05450870e-11  1.14382670e-11
  -2.00000000e-11  0.00000000e+00  0.00000000e+00]
 [ 0.00000000e+00  0.00000000e+00  1.00000000e+00 -3.33287107e-01
  -6.66572965e-01  5.41119918e-04 -4.06784607e-04  7.73604928e-05
   1.25195055e-05  5.69745680e-05  6.83551657e-06  6.83551658e-06
   2.68670252e-15 -6.24675949e-06  0.00000000e+00]
 [ 0.00000000e+00  0.00000000e+00  0.00000000e+00  1.00000000e+00
   5.06847964e-01  5.62115826e-02  4.39015847e-02  5.48078625e-02
  -2.41407314e-05  5.48693829e-02  2.72138502e-04  1.18737871e-04
  -1.04686750e-04 -6.97960077e-05  0.00000000e+00]
 [ 0.00000000e+00  0.00000000e+00  0.00000000e+00  0.00000000e+00
   1.00000000e+00  2.79181401e-03  9.38184906e-03  9.46173514e-03
  -1.08782136e-04  9.42870804e-03 -3.96626895e-06 -1.11697603e-04
  -7.35206949e-05  6.70134680e-07  0.00000000e+00]
 [ 0.00000000e+00  0.00000000e+00  0.00000000e+00  0.00000000e+00
   0.00000000e+00  1.00000000e+00  2.80983033e-01  4.95536814e-01
  -1.21773170e-03  4.99131578e-01  2.63384982e-03  1.80692064e-05
  -1.02602466e-03  4.01992442e-05  0.00000000e+00]
 [ 0.00000000e+00  0.00000000e+00  0.00000000e+00  0.00000000e+00
   0.00000000e+00  0.00000000e+00  1.00000000e+00  3.72527872e-01
   5.35151160e-04  3.67527943e-01  2.14472113e-03 -2.58888559e-04
  -9.48125107e-04  2.65927618e-05  0.00000000e+00]
 [ 0.00000000e+00  0.00000000e+00  0.00000000e+00  0.00000000e+00
   0.00000000e+00  0.00000000e+00  0.00000000e+00  1.00000000e+00
   5.45209935e-03  9.99996609e-01  4.17007681e-03 -1.07063072e-03
  -1.32065477e-03  6.64179478e-05  0.00000000e+00]
 [ 0.00000000e+00  0.00000000e+00  0.00000000e+00  0.00000000e+00
   0.00000000e+00  0.00000000e+00  0.00000000e+00  0.00000000e+00
   1.00000000e+00  3.42123492e+00  4.96386561e-01  4.91957153e-01
  -5.60194523e-04  9.04954516e-05  0.00000000e+00]
 [ 0.00000000e+00  0.00000000e+00  0.00000000e+00  0.00000000e+00
   0.00000000e+00  0.00000000e+00  0.00000000e+00  0.00000000e+00
   0.00000000e+00  1.00000000e+00  1.45067631e-01  1.43773199e-01
  -1.63869490e-04  3.01042542e-05  0.00000000e+00]
 [ 0.00000000e+00  0.00000000e+00  0.00000000e+00  0.00000000e+00
   0.00000000e+00  0.00000000e+00  0.00000000e+00  0.00000000e+00
   0.00000000e+00  0.00000000e+00  1.00000000e+00 -8.66886026e-02
  -1.55067479e-02  4.00031444e-05  0.00000000e+00]
 [ 0.00000000e+00  0.00000000e+00  0.00000000e+00  0.00000000e+00
   0.00000000e+00  0.00000000e+00  0.00000000e+00  0.00000000e+00
   0.00000000e+00  0.00000000e+00  0.00000000e+00  1.00000000e+00
  -3.64001931e-04 -2.66417070e-04  0.00000000e+00]
 [ 0.00000000e+00  0.00000000e+00  0.00000000e+00  0.00000000e+00
   0.00000000e+00  0.00000000e+00  0.00000000e+00  0.00000000e+00
   0.00000000e+00  0.00000000e+00  0.00000000e+00  0.00000000e+00
   1.00000000e+00 -4.92810751e-04  0.00000000e+00]
 [ 0.00000000e+00  0.00000000e+00  0.00000000e+00  0.00000000e+00
   0.00000000e+00  0.00000000e+00  0.00000000e+00  0.00000000e+00
   0.00000000e+00  0.00000000e+00  0.00000000e+00  0.00000000e+00
   0.00000000e+00  1.00000000e+00 -2.32602157e+04]
 [ 0.00000000e+00  0.00000000e+00  0.00000000e+00  0.00000000e+00
   0.00000000e+00  0.00000000e+00  0.00000000e+00  0.00000000e+00
   0.00000000e+00  0.00000000e+00  0.00000000e+00  0.00000000e+00
   0.00000000e+00  0.00000000e+00  1.00000000e+00]]

Matrix D: 
[[ 3.33333000e+10  0.00000000e+00  0.00000000e+00  0.00000000e+00
   0.00000000e+00  0.00000000e+00  0.00000000e+00  0.00000000e+00
   0.00000000e+00  0.00000000e+00  0.00000000e+00  0.00000000e+00
   0.00000000e+00  0.00000000e+00  0.00000000e+00]
 [ 0.00000000e+00  2.49999250e+10  0.00000000e+00  0.00000000e+00
   0.00000000e+00  0.00000000e+00  0.00000000e+00  0.00000000e+00
   0.00000000e+00  0.00000000e+00  0.00000000e+00  0.00000000e+00
   0.00000000e+00  0.00000000e+00  0.00000000e+00]
 [ 0.00000000e+00  0.00000000e+00 -1.60083000e+05  0.00000000e+00
   0.00000000e+00  0.00000000e+00  0.00000000e+00  0.00000000e+00
   0.00000000e+00  0.00000000e+00  0.00000000e+00  0.00000000e+00
   0.00000000e+00  0.00000000e+00  0.00000000e+00]
 [ 0.00000000e+00  0.00000000e+00  0.00000000e+00  9.55230700e+03
   0.00000000e+00  0.00000000e+00  0.00000000e+00  0.00000000e+00
   0.00000000e+00  0.00000000e+00  0.00000000e+00  0.00000000e+00
   0.00000000e+00  0.00000000e+00  0.00000000e+00]
 [ 0.00000000e+00  0.00000000e+00  0.00000000e+00  0.00000000e+00
   6.70766285e+03  0.00000000e+00  0.00000000e+00  0.00000000e+00
   0.00000000e+00  0.00000000e+00  0.00000000e+00  0.00000000e+00
   0.00000000e+00  0.00000000e+00  0.00000000e+00]
 [ 0.00000000e+00  0.00000000e+00  0.00000000e+00  0.00000000e+00
   0.00000000e+00  9.18507758e+02  0.00000000e+00  0.00000000e+00
   0.00000000e+00  0.00000000e+00  0.00000000e+00  0.00000000e+00
   0.00000000e+00  0.00000000e+00  0.00000000e+00]
 [ 0.00000000e+00  0.00000000e+00  0.00000000e+00  0.00000000e+00
   0.00000000e+00  0.00000000e+00  7.24239916e+02  0.00000000e+00
   0.00000000e+00  0.00000000e+00  0.00000000e+00  0.00000000e+00
   0.00000000e+00  0.00000000e+00  0.00000000e+00]
 [ 0.00000000e+00  0.00000000e+00  0.00000000e+00  0.00000000e+00
   0.00000000e+00  0.00000000e+00  0.00000000e+00  1.64859636e+02
   0.00000000e+00  0.00000000e+00  0.00000000e+00  0.00000000e+00
   0.00000000e+00  0.00000000e+00  0.00000000e+00]
 [ 0.00000000e+00  0.00000000e+00  0.00000000e+00  0.00000000e+00
   0.00000000e+00  0.00000000e+00  0.00000000e+00  0.00000000e+00
  -5.87521809e-01  0.00000000e+00  0.00000000e+00  0.00000000e+00
   0.00000000e+00  0.00000000e+00  0.00000000e+00]
 [ 0.00000000e+00  0.00000000e+00  0.00000000e+00  0.00000000e+00
   0.00000000e+00  0.00000000e+00  0.00000000e+00  0.00000000e+00
   0.00000000e+00  6.87790201e+00  0.00000000e+00  0.00000000e+00
   0.00000000e+00  0.00000000e+00  0.00000000e+00]
 [ 0.00000000e+00  0.00000000e+00  0.00000000e+00  0.00000000e+00
   0.00000000e+00  0.00000000e+00  0.00000000e+00  0.00000000e+00
   0.00000000e+00  0.00000000e+00 -3.31024784e-01  0.00000000e+00
   0.00000000e+00  0.00000000e+00  0.00000000e+00]
 [ 0.00000000e+00  0.00000000e+00  0.00000000e+00  0.00000000e+00
   0.00000000e+00  0.00000000e+00  0.00000000e+00  0.00000000e+00
   0.00000000e+00  0.00000000e+00  0.00000000e+00 -3.15716236e-01
   0.00000000e+00  0.00000000e+00  0.00000000e+00]
 [ 0.00000000e+00  0.00000000e+00  0.00000000e+00  0.00000000e+00
   0.00000000e+00  0.00000000e+00  0.00000000e+00  0.00000000e+00
   0.00000000e+00  0.00000000e+00  0.00000000e+00  0.00000000e+00
  -1.96682733e-03  0.00000000e+00  0.00000000e+00]
 [ 0.00000000e+00  0.00000000e+00  0.00000000e+00  0.00000000e+00
   0.00000000e+00  0.00000000e+00  0.00000000e+00  0.00000000e+00
   0.00000000e+00  0.00000000e+00  0.00000000e+00  0.00000000e+00
   0.00000000e+00 -4.29918627e-05  0.00000000e+00]
 [ 0.00000000e+00  0.00000000e+00  0.00000000e+00  0.00000000e+00
   0.00000000e+00  0.00000000e+00  0.00000000e+00  0.00000000e+00
   0.00000000e+00  0.00000000e+00  0.00000000e+00  0.00000000e+00
   0.00000000e+00  0.00000000e+00  2.32602157e+04]]

Permuted Rows: 
[[0. 0. 0. 1. 0. 0. 0. 0. 0. 0. 0. 0. 0. 0. 0.]
 [0. 0. 0. 0. 0. 0. 0. 0. 0. 0. 0. 0. 0. 0. 1.]
 [0. 0. 0. 0. 0. 0. 0. 0. 1. 0. 0. 0. 0. 0. 0.]
 [0. 0. 0. 0. 0. 0. 0. 1. 0. 0. 0. 0. 0. 0. 0.]
 [0. 0. 0. 0. 0. 0. 1. 0. 0. 0. 0. 0. 0. 0. 0.]
 [0. 0. 0. 0. 0. 1. 0. 0. 0. 0. 0. 0. 0. 0. 0.]
 [1. 0. 0. 0. 0. 0. 0. 0. 0. 0. 0. 0. 0. 0. 0.]
 [0. 0. 0. 0. 0. 0. 0. 0. 0. 0. 1. 0. 0. 0. 0.]
 [0. 0. 0. 0. 0. 0. 0. 0. 0. 0. 0. 0. 1. 0. 0.]
 [0. 1. 0. 0. 0. 0. 0. 0. 0. 0. 0. 0. 0. 0. 0.]
 [0. 0. 0. 0. 0. 0. 0. 0. 0. 0. 0. 1. 0. 0. 0.]
 [0. 0. 0. 0. 0. 0. 0. 0. 0. 0. 0. 0. 0. 1. 0.]
 [0. 0. 0. 0. 1. 0. 0. 0. 0. 0. 0. 0. 0. 0. 0.]
 [0. 0. 1. 0. 0. 0. 0. 0. 0. 0. 0. 0. 0. 0. 0.]
 [0. 0. 0. 0. 0. 0. 0. 0. 0. 1. 0. 0. 0. 0. 0.]]

Permuted Columns: 
[[0. 0. 0. 0. 0. 0. 1. 0. 0. 0. 0. 0. 0. 0. 0.]
 [0. 0. 0. 0. 0. 0. 0. 0. 0. 1. 0. 0. 0. 0. 0.]
 [0. 0. 0. 0. 0. 0. 0. 0. 0. 0. 0. 0. 0. 1. 0.]
 [1. 0. 0. 0. 0. 0. 0. 0. 0. 0. 0. 0. 0. 0. 0.]
 [0. 0. 0. 0. 0. 0. 0. 0. 0. 0. 0. 0. 1. 0. 0.]
 [0. 0. 0. 0. 0. 1. 0. 0. 0. 0. 0. 0. 0. 0. 0.]
 [0. 0. 0. 0. 1. 0. 0. 0. 0. 0. 0. 0. 0. 0. 0.]
 [0. 0. 0. 1. 0. 0. 0. 0. 0. 0. 0. 0. 0. 0. 0.]
 [0. 0. 1. 0. 0. 0. 0. 0. 0. 0. 0. 0. 0. 0. 0.]
 [0. 0. 0. 0. 0. 0. 0. 0. 0. 0. 0. 0. 0. 0. 1.]
 [0. 0. 0. 0. 0. 0. 0. 1. 0. 0. 0. 0. 0. 0. 0.]
 [0. 0. 0. 0. 0. 0. 0. 0. 0. 0. 1. 0. 0. 0. 0.]
 [0. 0. 0. 0. 0. 0. 0. 0. 1. 0. 0. 0. 0. 0. 0.]
 [0. 0. 0. 0. 0. 0. 0. 0. 0. 0. 0. 1. 0. 0. 0.]
 [0. 1. 0. 0. 0. 0. 0. 0. 0. 0. 0. 0. 0. 0. 0.]]

Inverse A: 
[[ 2.11376934e-03 -6.00885933e-04  0.00000000e+00  4.91800376e-14
  -2.21775418e-01  4.33719084e-04 -1.32746371e-05  4.90023849e-06
  -6.40082670e-06 -1.97357192e-06 -1.93822810e-03  7.98186477e-04
  -2.48703434e-03  3.00072539e-03 -1.19078819e-13]
 [-6.00885933e-04  2.05795034e-03  0.00000000e+00  1.98231271e-11
   1.08935287e+00 -1.93822153e-03  6.97779764e-05 -1.35284757e-04
   1.50421109e-06 -6.70109922e-05  5.46663932e-04  4.98094575e-01
  -4.97499898e-01  4.95616257e-01 -3.97541710e-11]
 [-2.19430973e-16  2.33328827e-16 -0.00000000e+00 -2.97268033e-25
  -1.33394424e-13 -1.14000554e-16  1.91184036e-15 -6.98133437e-16
   4.83580036e-16  1.00000000e+00 -2.47792409e-15 -6.48942387e-15
  -1.43291446e-17 -2.78419683e-15  8.40105310e-26]
 [ 4.91839164e-14  1.98231078e-11  0.00000000e+00  4.00001202e-11
  -1.33622440e-10 -1.19150265e-13 -1.81223356e-14  1.90871957e-14
  -4.32589530e-15  5.29075536e-15 -3.97541067e-11 -5.56247069e-11
   2.74150544e-14 -9.41653817e-11 -2.00001198e-11]
 [-2.21775418e-01  1.08935287e+00  0.00000000e+00 -1.33631335e-10
  -5.08433040e+02 -1.25944545e-01 -2.89206183e-02  1.53597428e-02
  -1.40536863e-02  4.92810751e-04 -1.72807203e+00 -7.90018651e+00
   8.39734720e-04 -1.85070609e-01  2.16915691e-10]
 [ 4.33719084e-04 -1.93822153e-03 -0.00000000e+00 -1.19152469e-13
  -1.25944545e-01  2.11377344e-03  4.90006272e-06 -1.32734491e-05
  -1.97324839e-06 -6.40013800e-06 -6.00897606e-04 -3.00073470e-03
   2.48704750e-03 -7.98236574e-04  4.92835165e-14]
 [-1.32746371e-05  6.97779764e-05  0.00000000e+00 -1.81228417e-14
  -2.89206183e-02  4.90006272e-06  1.47647938e-04 -7.37550212e-05
   7.38416986e-05  5.12179231e-08 -1.35296319e-04 -6.30462659e-04
   2.21188900e-08 -3.54583076e-04  1.90836903e-14]
 [ 4.90023849e-06 -1.35284757e-04  0.00000000e+00  1.90874647e-14
   1.53597428e-02 -1.32734491e-05 -7.37550212e-05  1.47635572e-04
   4.66824253e-08  7.38338681e-05  6.97774175e-05  3.54602903e-04
  -4.27384897e-08  6.30431067e-04 -1.81236592e-14]
 [-6.40082670e-06  1.50421109e-06  0.00000000e+00 -4.32614118e-15
  -1.40536863e-02 -1.97324839e-06  7.38416986e-05  4.66824253e-08
   4.29951577e-05  3.08932233e-05 -6.70185170e-05 -2.66609378e-04
  -1.24993154e-05  9.25153657e-06  5.28795460e-15]
 [-1.97357192e-06 -6.70109922e-05  1.00000000e+00  5.29076410e-15
   4.92810751e-04 -6.40013800e-06  5.12179231e-08  7.38338681e-05
   3.08932233e-05  4.29918627e-05  1.49961606e-06 -9.25037822e-06
   1.24786958e-05  2.66596454e-04 -4.32792342e-15]
 [-1.93822810e-03  5.46663932e-04  0.00000000e+00 -3.97541372e-11
  -1.72807203e+00 -6.00897606e-04 -1.35296319e-04  6.97774175e-05
  -6.70185170e-05  1.49961606e-06  2.05798069e-03 -4.95616167e-01
   4.97499906e-01 -4.98094594e-01  1.98230451e-11]
 [ 7.98186477e-04  4.98094575e-01  0.00000000e+00 -5.56248452e-11
  -7.90018651e+00 -3.00073470e-03 -6.30462659e-04  3.54602903e-04
  -2.66609378e-04 -9.25037822e-06 -4.95616167e-01 -3.16748008e+00
   2.65466579e-04 -2.77453271e-01  9.41666373e-11]
 [-2.48703434e-03 -4.97499898e-01  0.00000000e+00  2.74150780e-14
   8.39734720e-04  2.48704750e-03  2.21188899e-08 -4.27384897e-08
  -1.24993154e-05  1.24786958e-05  4.97499906e-01  2.65466579e-04
  -2.59462999e-04  2.59593073e-04 -2.74431089e-14]
 [ 3.00072539e-03  4.95616257e-01 -0.00000000e+00 -9.41653864e-11
  -1.85070609e-01 -7.98236574e-04 -3.54583076e-04  6.30431067e-04
   9.25153657e-06  2.66596454e-04 -4.98094594e-01 -2.77453271e-01
   2.59593073e-04 -3.16746861e+00  5.56235219e-11]
 [-1.19087521e-13 -3.97541284e-11  0.00000000e+00 -2.00001198e-11
   2.16895743e-10  4.92785754e-14  1.90825558e-14 -1.81230567e-14
   5.28740320e-15 -4.32790417e-15  1.98229775e-11  9.41663274e-11
  -2.74430793e-14  5.56235156e-11  4.00001202e-11]]

Inverse L: 
[[ 1.00000000e+00  0.00000000e+00  0.00000000e+00  0.00000000e+00
   0.00000000e+00  0.00000000e+00  0.00000000e+00  0.00000000e+00
   0.00000000e+00  0.00000000e+00  0.00000000e+00  0.00000000e+00
   0.00000000e+00  0.00000000e+00  0.00000000e+00]
 [-5.00001500e-01  1.00000000e+00  0.00000000e+00  0.00000000e+00
   0.00000000e+00  0.00000000e+00  0.00000000e+00  0.00000000e+00
   0.00000000e+00  0.00000000e+00  0.00000000e+00  0.00000000e+00
   0.00000000e+00  0.00000000e+00  0.00000000e+00]
 [ 2.65988804e-10  1.64106596e-10  1.00000000e+00  0.00000000e+00
   0.00000000e+00  0.00000000e+00  0.00000000e+00  0.00000000e+00
   0.00000000e+00  0.00000000e+00  0.00000000e+00  0.00000000e+00
   0.00000000e+00  0.00000000e+00  0.00000000e+00]
 [-1.04896095e-08 -1.04713653e-08  3.33287107e-01  1.00000000e+00
   0.00000000e+00  0.00000000e+00  0.00000000e+00  0.00000000e+00
   0.00000000e+00  0.00000000e+00  0.00000000e+00  0.00000000e+00
   0.00000000e+00  0.00000000e+00  0.00000000e+00]
 [-1.25212194e-09 -1.28584072e-09  4.97647074e-01 -5.06847964e-01
   1.00000000e+00  0.00000000e+00  0.00000000e+00  0.00000000e+00
   0.00000000e+00  0.00000000e+00  0.00000000e+00  0.00000000e+00
   0.00000000e+00  0.00000000e+00  0.00000000e+00]
 [-9.11321059e-09 -9.16412706e-09 -2.06650538e-02 -5.47965574e-02
  -2.79181401e-03  1.00000000e+00  0.00000000e+00  0.00000000e+00
   0.00000000e+00  0.00000000e+00  0.00000000e+00  0.00000000e+00
   0.00000000e+00  0.00000000e+00  0.00000000e+00]
 [-5.39051663e-09 -5.33281584e-09 -1.30873678e-02 -2.37495106e-02
  -8.59739669e-03 -2.80983033e-01  1.00000000e+00  0.00000000e+00
   0.00000000e+00  0.00000000e+00  0.00000000e+00  0.00000000e+00
   0.00000000e+00  0.00000000e+00  0.00000000e+00]
 [-3.27833122e-09 -3.27814841e-09 -7.93701507e-03 -1.40111352e-02
  -4.87551863e-03 -3.90862802e-01 -3.72527872e-01  1.00000000e+00
   0.00000000e+00  0.00000000e+00  0.00000000e+00  0.00000000e+00
   0.00000000e+00  0.00000000e+00  0.00000000e+00]
 [ 3.53389190e-12  3.64556539e-11  7.47740242e-05 -8.62309841e-06
   1.36565174e-04  3.49912292e-03  1.49590781e-03 -5.45209935e-03
   1.00000000e+00  0.00000000e+00  0.00000000e+00  0.00000000e+00
   0.00000000e+00  0.00000000e+00  0.00000000e+00]
 [-1.21243534e-11 -1.24710217e-10 -2.30678549e-04  2.94287803e-05
  -4.67161439e-04 -1.69723069e-02 -1.19185775e-04 -9.81343696e-01
  -3.42123492e+00  1.00000000e+00 -0.00000000e+00 -0.00000000e+00
  -0.00000000e+00 -0.00000000e+00 -0.00000000e+00]
 [ 1.50250799e-11 -2.84618602e-11  1.63805659e-05 -2.04480812e-05
   5.00706794e-05  3.23923101e-04 -1.31650983e-03  1.40897477e-01
  -7.61162573e-05 -1.45067631e-01  1.00000000e+00  0.00000000e+00
   0.00000000e+00  0.00000000e+00  0.00000000e+00]
 [ 2.97141838e-11 -1.75363211e-11 -4.53592848e-06 -1.97272162e-04
   1.08624039e-04  2.37542533e-04 -9.72864448e-04  1.57057958e-01
  -8.18612446e-05 -1.56348910e-01  8.66886026e-02  1.00000000e+00
   0.00000000e+00  0.00000000e+00  0.00000000e+00]
 [ 2.62812267e-13 -4.26596476e-13  2.76411744e-05 -3.02099619e-05
   5.68818626e-05  2.47711173e-04  4.36193953e-04  3.39881931e-03
  -1.65161320e-06 -2.14256900e-03  1.55383028e-02  3.64001931e-04
   1.00000000e+00  0.00000000e+00  0.00000000e+00]
 [ 5.29075536e-15 -4.32790417e-15  3.08932233e-05  7.38338681e-05
   5.12179231e-08 -6.40013800e-06 -1.97357192e-06  1.49961606e-06
   1.24786958e-05 -6.70109922e-05 -9.25037822e-06  2.66596454e-04
   4.92810751e-04  1.00000000e+00 -0.00000000e+00]
 [ 1.23064111e-10 -1.00667984e-10  7.18583038e-01  1.71739170e+00
   1.19133994e-03 -1.48868590e-01 -4.59057084e-02  3.48813929e-02
   2.90257155e-01 -1.55869013e+00 -2.15165793e-01  6.20109103e+00
   1.14628844e+01  2.32602157e+04  1.00000000e+00]]

Inverse U: 
[[ 1.00000000e+00 -5.00001500e-01  2.65988804e-10 -1.04896095e-08
  -1.25212194e-09 -9.11321059e-09 -5.39051663e-09 -3.27833122e-09
   3.53389190e-12 -1.21243534e-11  1.50250799e-11  2.97141838e-11
   2.62812267e-13  5.29075536e-15  1.23064111e-10]
 [ 0.00000000e+00  1.00000000e+00  1.64106596e-10 -1.04713653e-08
  -1.28584072e-09 -9.16412706e-09 -5.33281584e-09 -3.27814841e-09
   3.64556539e-11 -1.24710217e-10 -2.84618602e-11 -1.75363211e-11
  -4.26596476e-13 -4.32790417e-15 -1.00667984e-10]
 [ 0.00000000e+00  0.00000000e+00  1.00000000e+00  3.33287107e-01
   4.97647074e-01 -2.06650538e-02 -1.30873678e-02 -7.93701507e-03
   7.47740242e-05 -2.30678549e-04  1.63805659e-05 -4.53592848e-06
   2.76411744e-05  3.08932233e-05  7.18583038e-01]
 [ 0.00000000e+00  0.00000000e+00  0.00000000e+00  1.00000000e+00
  -5.06847964e-01 -5.47965574e-02 -2.37495106e-02 -1.40111352e-02
  -8.62309841e-06  2.94287803e-05 -2.04480812e-05 -1.97272162e-04
  -3.02099619e-05  7.38338681e-05  1.71739170e+00]
 [ 0.00000000e+00  0.00000000e+00  0.00000000e+00  0.00000000e+00
   1.00000000e+00 -2.79181401e-03 -8.59739669e-03 -4.87551863e-03
   1.36565174e-04 -4.67161439e-04  5.00706794e-05  1.08624039e-04
   5.68818626e-05  5.12179231e-08  1.19133994e-03]
 [ 0.00000000e+00  0.00000000e+00  0.00000000e+00  0.00000000e+00
   0.00000000e+00  1.00000000e+00 -2.80983033e-01 -3.90862802e-01
   3.49912292e-03 -1.69723069e-02  3.23923101e-04  2.37542533e-04
   2.47711173e-04 -6.40013800e-06 -1.48868590e-01]
 [ 0.00000000e+00  0.00000000e+00  0.00000000e+00  0.00000000e+00
   0.00000000e+00  0.00000000e+00  1.00000000e+00 -3.72527872e-01
   1.49590781e-03 -1.19185775e-04 -1.31650983e-03 -9.72864448e-04
   4.36193953e-04 -1.97357192e-06 -4.59057084e-02]
 [ 0.00000000e+00  0.00000000e+00  0.00000000e+00  0.00000000e+00
   0.00000000e+00  0.00000000e+00  0.00000000e+00  1.00000000e+00
  -5.45209935e-03 -9.81343696e-01  1.40897477e-01  1.57057958e-01
   3.39881931e-03  1.49961606e-06  3.48813929e-02]
 [ 0.00000000e+00  0.00000000e+00  0.00000000e+00  0.00000000e+00
   0.00000000e+00  0.00000000e+00  0.00000000e+00  0.00000000e+00
   1.00000000e+00 -3.42123492e+00 -7.61162573e-05 -8.18612446e-05
  -1.65161320e-06  1.24786958e-05  2.90257155e-01]
 [ 0.00000000e+00  0.00000000e+00  0.00000000e+00  0.00000000e+00
   0.00000000e+00  0.00000000e+00  0.00000000e+00  0.00000000e+00
   0.00000000e+00  1.00000000e+00 -1.45067631e-01 -1.56348910e-01
  -2.14256900e-03 -6.70109922e-05 -1.55869013e+00]
 [ 0.00000000e+00  0.00000000e+00  0.00000000e+00  0.00000000e+00
   0.00000000e+00  0.00000000e+00  0.00000000e+00  0.00000000e+00
   0.00000000e+00  0.00000000e+00  1.00000000e+00  8.66886026e-02
   1.55383028e-02 -9.25037822e-06 -2.15165793e-01]
 [ 0.00000000e+00  0.00000000e+00  0.00000000e+00  0.00000000e+00
   0.00000000e+00  0.00000000e+00  0.00000000e+00  0.00000000e+00
   0.00000000e+00  0.00000000e+00  0.00000000e+00  1.00000000e+00
   3.64001931e-04  2.66596454e-04  6.20109103e+00]
 [ 0.00000000e+00  0.00000000e+00  0.00000000e+00  0.00000000e+00
   0.00000000e+00  0.00000000e+00  0.00000000e+00  0.00000000e+00
   0.00000000e+00  0.00000000e+00  0.00000000e+00  0.00000000e+00
   1.00000000e+00  4.92810751e-04  1.14628844e+01]
 [ 0.00000000e+00  0.00000000e+00  0.00000000e+00  0.00000000e+00
   0.00000000e+00  0.00000000e+00  0.00000000e+00  0.00000000e+00
   0.00000000e+00  0.00000000e+00  0.00000000e+00  0.00000000e+00
   0.00000000e+00  1.00000000e+00  2.32602157e+04]
 [ 0.00000000e+00  0.00000000e+00  0.00000000e+00  0.00000000e+00
   0.00000000e+00  0.00000000e+00  0.00000000e+00  0.00000000e+00
   0.00000000e+00  0.00000000e+00  0.00000000e+00  0.00000000e+00
   0.00000000e+00  0.00000000e+00  1.00000000e+00]]

Inverse D: 
[[ 3.00000300e-11  0.00000000e+00  0.00000000e+00  0.00000000e+00
   0.00000000e+00  0.00000000e+00  0.00000000e+00  0.00000000e+00
   0.00000000e+00  0.00000000e+00  0.00000000e+00  0.00000000e+00
   0.00000000e+00  0.00000000e+00  0.00000000e+00]
 [ 0.00000000e+00  4.00001200e-11  0.00000000e+00  0.00000000e+00
   0.00000000e+00  0.00000000e+00  0.00000000e+00  0.00000000e+00
   0.00000000e+00  0.00000000e+00  0.00000000e+00  0.00000000e+00
   0.00000000e+00  0.00000000e+00  0.00000000e+00]
 [-0.00000000e+00 -0.00000000e+00 -6.24675949e-06 -0.00000000e+00
  -0.00000000e+00 -0.00000000e+00 -0.00000000e+00 -0.00000000e+00
  -0.00000000e+00 -0.00000000e+00 -0.00000000e+00 -0.00000000e+00
  -0.00000000e+00 -0.00000000e+00 -0.00000000e+00]
 [ 0.00000000e+00  0.00000000e+00  0.00000000e+00  1.04686753e-04
   0.00000000e+00  0.00000000e+00  0.00000000e+00  0.00000000e+00
   0.00000000e+00  0.00000000e+00  0.00000000e+00  0.00000000e+00
   0.00000000e+00  0.00000000e+00  0.00000000e+00]
 [ 0.00000000e+00  0.00000000e+00  0.00000000e+00  0.00000000e+00
   1.49083224e-04  0.00000000e+00  0.00000000e+00  0.00000000e+00
   0.00000000e+00  0.00000000e+00  0.00000000e+00  0.00000000e+00
   0.00000000e+00  0.00000000e+00  0.00000000e+00]
 [ 0.00000000e+00  0.00000000e+00  0.00000000e+00  0.00000000e+00
   0.00000000e+00  1.08872243e-03  0.00000000e+00  0.00000000e+00
   0.00000000e+00  0.00000000e+00  0.00000000e+00  0.00000000e+00
   0.00000000e+00  0.00000000e+00  0.00000000e+00]
 [ 0.00000000e+00  0.00000000e+00  0.00000000e+00  0.00000000e+00
   0.00000000e+00  0.00000000e+00  1.38075792e-03  0.00000000e+00
   0.00000000e+00  0.00000000e+00  0.00000000e+00  0.00000000e+00
   0.00000000e+00  0.00000000e+00  0.00000000e+00]
 [ 0.00000000e+00  0.00000000e+00  0.00000000e+00  0.00000000e+00
   0.00000000e+00  0.00000000e+00  0.00000000e+00  6.06576614e-03
   0.00000000e+00  0.00000000e+00  0.00000000e+00  0.00000000e+00
   0.00000000e+00  0.00000000e+00  0.00000000e+00]
 [-0.00000000e+00 -0.00000000e+00 -0.00000000e+00 -0.00000000e+00
  -0.00000000e+00 -0.00000000e+00 -0.00000000e+00 -0.00000000e+00
  -1.70206448e+00 -0.00000000e+00 -0.00000000e+00 -0.00000000e+00
  -0.00000000e+00 -0.00000000e+00 -0.00000000e+00]
 [ 0.00000000e+00  0.00000000e+00  0.00000000e+00  0.00000000e+00
   0.00000000e+00  0.00000000e+00  0.00000000e+00  0.00000000e+00
   0.00000000e+00  1.45393174e-01  0.00000000e+00  0.00000000e+00
   0.00000000e+00  0.00000000e+00  0.00000000e+00]
 [-0.00000000e+00 -0.00000000e+00 -0.00000000e+00 -0.00000000e+00
  -0.00000000e+00 -0.00000000e+00 -0.00000000e+00 -0.00000000e+00
  -0.00000000e+00 -0.00000000e+00 -3.02092184e+00 -0.00000000e+00
  -0.00000000e+00 -0.00000000e+00 -0.00000000e+00]
 [-0.00000000e+00 -0.00000000e+00 -0.00000000e+00 -0.00000000e+00
  -0.00000000e+00 -0.00000000e+00 -0.00000000e+00 -0.00000000e+00
  -0.00000000e+00 -0.00000000e+00 -0.00000000e+00 -3.16740125e+00
  -0.00000000e+00 -0.00000000e+00 -0.00000000e+00]
 [-0.00000000e+00 -0.00000000e+00 -0.00000000e+00 -0.00000000e+00
  -0.00000000e+00 -0.00000000e+00 -0.00000000e+00 -0.00000000e+00
  -0.00000000e+00 -0.00000000e+00 -0.00000000e+00 -0.00000000e+00
  -5.08433040e+02 -0.00000000e+00 -0.00000000e+00]
 [-0.00000000e+00 -0.00000000e+00 -0.00000000e+00 -0.00000000e+00
  -0.00000000e+00 -0.00000000e+00 -0.00000000e+00 -0.00000000e+00
  -0.00000000e+00 -0.00000000e+00 -0.00000000e+00 -0.00000000e+00
  -0.00000000e+00 -2.32602157e+04 -0.00000000e+00]
 [ 0.00000000e+00  0.00000000e+00  0.00000000e+00  0.00000000e+00
   0.00000000e+00  0.00000000e+00  0.00000000e+00  0.00000000e+00
   0.00000000e+00  0.00000000e+00  0.00000000e+00  0.00000000e+00
   0.00000000e+00  0.00000000e+00  4.29918627e-05]]

Inverse of A Decomposed: 
[[ 2.11376934e-03 -6.00885933e-04 -2.78583702e-17  4.91839164e-14
  -2.21775418e-01  4.33719084e-04 -1.32746371e-05  4.90023849e-06
  -6.40082670e-06 -1.97357192e-06 -1.93822810e-03  7.98186477e-04
  -2.48703434e-03  3.00072539e-03 -1.19087521e-13]
 [-6.00885933e-04  2.05795034e-03 -4.12930515e-16  1.98231078e-11
   1.08935287e+00 -1.93822153e-03  6.97779764e-05 -1.35284757e-04
   1.50421109e-06 -6.70109922e-05  5.46663932e-04  4.98094575e-01
  -4.97499898e-01  4.95616257e-01 -3.97541284e-11]
 [ 0.00000000e+00  0.00000000e+00  0.00000000e+00  0.00000000e+00
   0.00000000e+00  0.00000000e+00  0.00000000e+00  0.00000000e+00
   0.00000000e+00  1.00000000e+00  0.00000000e+00  2.77555756e-17
   0.00000000e+00  0.00000000e+00  0.00000000e+00]
 [ 4.91839164e-14  1.98231078e-11  2.54415531e-24  4.00001202e-11
  -1.33622440e-10 -1.19150265e-13 -1.81223356e-14  1.90871957e-14
  -4.32589530e-15  5.29075536e-15 -3.97541067e-11 -5.56247069e-11
   2.74150544e-14 -9.41653817e-11 -2.00001198e-11]
 [-2.21775418e-01  1.08935287e+00 -6.39200009e-16 -1.33622440e-10
  -5.08433040e+02 -1.25944545e-01 -2.89206183e-02  1.53597428e-02
  -1.40536863e-02  4.92810751e-04 -1.72807203e+00 -7.90018651e+00
   8.39734720e-04 -1.85070609e-01  2.16895743e-10]
 [ 4.33719084e-04 -1.93822153e-03 -1.71997846e-16 -1.19150265e-13
  -1.25944545e-01  2.11377344e-03  4.90006272e-06 -1.32734491e-05
  -1.97324839e-06 -6.40013800e-06 -6.00897606e-04 -3.00073470e-03
   2.48704750e-03 -7.98236574e-04  4.92785754e-14]
 [-1.32746371e-05  6.97779764e-05  9.69661043e-19 -1.81223356e-14
  -2.89206183e-02  4.90006272e-06  1.47647938e-04 -7.37550212e-05
   7.38416986e-05  5.12179231e-08 -1.35296319e-04 -6.30462659e-04
   2.21188900e-08 -3.54583076e-04  1.90825558e-14]
 [ 4.90023849e-06 -1.35284757e-04  2.96196007e-16  1.90871957e-14
   1.53597428e-02 -1.32734491e-05 -7.37550212e-05  1.47635572e-04
   4.66824253e-08  7.38338681e-05  6.97774175e-05  3.54602903e-04
  -4.27384897e-08  6.30431067e-04 -1.81230567e-14]
 [-6.40082670e-06  1.50421109e-06  1.78845903e-16 -4.32589530e-15
  -1.40536863e-02 -1.97324839e-06  7.38416986e-05  4.66824253e-08
   4.29951577e-05  3.08932233e-05 -6.70185170e-05 -2.66609378e-04
  -1.24993154e-05  9.25153657e-06  5.28740320e-15]
 [-1.97357192e-06 -6.70109922e-05  1.00000000e+00  5.29075536e-15
   4.92810751e-04 -6.40013800e-06  5.12179231e-08  7.38338681e-05
   3.08932233e-05  4.29918627e-05  1.49961606e-06 -9.25037822e-06
   1.24786958e-05  2.66596454e-04 -4.32790417e-15]
 [-1.93822810e-03  5.46663932e-04  3.22826000e-16 -3.97541067e-11
  -1.72807203e+00 -6.00897606e-04 -1.35296319e-04  6.97774175e-05
  -6.70185170e-05  1.49961606e-06  2.05798069e-03 -4.95616167e-01
   4.97499906e-01 -4.98094594e-01  1.98229775e-11]
 [ 7.98186477e-04  4.98094575e-01 -7.24984754e-17 -5.56247069e-11
  -7.90018651e+00 -3.00073470e-03 -6.30462659e-04  3.54602903e-04
  -2.66609378e-04 -9.25037822e-06 -4.95616167e-01 -3.16748008e+00
   2.65466579e-04 -2.77453271e-01  9.41663274e-11]
 [-2.48703434e-03 -4.97499898e-01  1.23399658e-15  2.74150544e-14
   8.39734720e-04  2.48704750e-03  2.21188900e-08 -4.27384897e-08
  -1.24993154e-05  1.24786958e-05  4.97499906e-01  2.65466579e-04
  -2.59462999e-04  2.59593073e-04 -2.74430793e-14]
 [ 3.00072539e-03  4.95616257e-01  1.42914809e-15 -9.41653817e-11
  -1.85070609e-01 -7.98236574e-04 -3.54583076e-04  6.30431067e-04
   9.25153657e-06  2.66596454e-04 -4.98094594e-01 -2.77453271e-01
   2.59593073e-04 -3.16746861e+00  5.56235156e-11]
 [-1.19087521e-13 -3.97541284e-11 -1.59287474e-24 -2.00001198e-11
   2.16895743e-10  4.92785754e-14  1.90825558e-14 -1.81230567e-14
   5.28740320e-15 -4.32790417e-15  1.98229775e-11  9.41663274e-11
  -2.74430793e-14  5.56235156e-11  4.00001202e-11]]

(Inverse of A) - (Decomposed Inverse): 
[[ 4.33680869e-19 -2.10335221e-17  2.78583702e-17 -3.87880821e-18
   3.88578059e-16  5.96311195e-19  2.60886148e-19 -1.41454502e-19
  -2.94767466e-19  2.40133841e-19  1.21430643e-17 -8.72782749e-17
   1.22298005e-16 -9.88792381e-17  8.70218471e-18]
 [ 8.67361738e-19  1.67400815e-16  4.12930515e-16  1.92812220e-17
  -1.33226763e-15 -8.67361738e-19 -3.55076211e-18 -1.21972744e-18
  -3.41756618e-18 -1.77538106e-18 -1.07878116e-16 -2.77555756e-16
  -1.11022302e-16 -5.55111512e-17 -4.25838132e-17]
 [-2.19430973e-16  2.33328827e-16 -0.00000000e+00 -2.97268033e-25
  -1.33394424e-13 -1.14000554e-16  1.91184036e-15 -6.98133437e-16
   4.83580036e-16  2.22044605e-16 -2.47792409e-15 -6.51717944e-15
  -1.43291446e-17 -2.78419683e-15  8.40105310e-26]
 [-5.50940456e-27  9.69352280e-26 -2.54415531e-24 -1.29246971e-26
  -2.94683093e-24 -2.06997102e-27  1.66323433e-26 -5.85334792e-27
   6.06712922e-27  3.67056979e-27 -7.75481824e-26 -2.97914267e-24
   1.68016013e-24 -1.16322274e-24  3.23117427e-27]
 [-5.82867088e-16 -2.93098879e-14  6.39200009e-16 -8.89551225e-15
  -2.84217094e-13 -5.55111512e-17 -1.37737044e-15  5.36029554e-16
  -1.20389809e-15  2.37440276e-16  1.06581410e-14 -1.06581410e-13
   1.73920774e-13 -1.66672232e-13  1.99480527e-14]
 [ 5.96311195e-19  2.81892565e-18  1.71997846e-16 -2.20385817e-18
   9.43689571e-16  0.00000000e+00  4.79420648e-19 -2.82909004e-19
  -8.63973606e-20  1.65171425e-19 -7.15573434e-18  1.16660154e-16
  -1.07119175e-16  3.87060176e-17  4.94111696e-18]
 [-4.40457133e-20 -1.63985579e-18 -9.69661043e-19 -5.06148221e-19
  -3.46944695e-18 -3.55753838e-20 -2.43945489e-19 -2.71050543e-20
