********** LDU Decomposition **********

Matrix A: 
[[1. 3. 5.]
 [7. 9. 2.]
 [4. 6. 8.]]

Matrix A Decomposed: 
[[  1.     3.     5.  ]
 [  7.   -12.     2.75]
 [  4.     0.5    4.5 ]]

Matrix L: 
[[1.  0.  0. ]
 [7.  1.  0. ]
 [4.  0.5 1. ]]

Matrix U: 
[[1.   3.   5.  ]
 [0.   1.   2.75]
 [0.   0.   1.  ]]

Matrix D: 
[[  1.    0.    0. ]
 [  0.  -12.    0. ]
 [  0.    0.    4.5]]

Inverse A: 
[[-1.11111111 -0.11111111  0.72222222]
 [ 0.88888889  0.22222222 -0.61111111]
 [-0.11111111 -0.11111111  0.22222222]]

Inverse L: 
[[ 1.   0.   0. ]
 [-7.   1.  -0. ]
 [-0.5 -0.5  1. ]]

Inverse U: 
[[ 1.   -3.    3.25]
 [ 0.    1.   -2.75]
 [ 0.    0.    1.  ]]

Inverse D: 
[[ 1.          0.          0.        ]
 [-0.         -0.08333333 -0.        ]
 [ 0.          0.          0.22222222]]

Inverse of A Decomposed: 
[[-1.11111111 -0.11111111  0.72222222]
 [ 0.88888889  0.22222222 -0.61111111]
 [-0.11111111 -0.11111111  0.22222222]]

(Inverse of A) - (Decomposed Inverse): 
[[ 0.00000000e+00  1.38777878e-17 -1.11022302e-16]
 [ 3.33066907e-16  0.00000000e+00 -1.11022302e-16]
 [-1.38777878e-16 -1.38777878e-17  5.55111512e-17]]

