********** LU Decomposition **********

Matrix A: 
{
{8.16e+02 ,4.19e+02 ,0.00e+00 ,4.20e+02 ,-1.00e+00 ,2.82e+02 ,2.32e+02 ,3.98e+02 ,6.51e+01 ,0.00e+00 ,4.21e+02 ,2.35e+00 ,5.71e-02 ,-1.40e-01 ,4.20e+02 },
{4.19e+02 ,5.21e+02 ,0.00e+00 ,5.20e+02 ,-1.00e+00 ,4.88e+02 ,3.35e+02 ,5.27e+02 ,-9.12e+00 ,0.00e+00 ,5.21e+02 ,2.61e+00 ,-1.55e+00 ,-1.82e-01 ,5.20e+02 },
{0.00e+00 ,0.00e+00 ,0.00e+00 ,0.00e+00 ,0.00e+00 ,0.00e+00 ,-1.00e+00 ,-1.00e+00 ,1.00e+00 ,1.00e+00 ,0.00e+00 ,0.00e+00 ,0.00e+00 ,0.00e+00 ,0.00e+00 },
{4.20e+02 ,5.20e+02 ,0.00e+00 ,3.33e+10 ,-1.00e+00 ,4.86e+02 ,3.37e+02 ,5.28e+02 ,-1.16e+01 ,0.00e+00 ,5.20e+02 ,2.58e+00 ,-2.64e-01 ,-8.77e-01 ,1.67e+10 },
{-1.00e+00 ,-1.00e+00 ,0.00e+00 ,-1.00e+00 ,0.00e+00 ,-1.00e+00 ,-1.00e+00 ,-1.00e+00 ,0.00e+00 ,0.00e+00 ,-1.00e+00 ,0.00e+00 ,0.00e+00 ,0.00e+00 ,-1.00e+00 },
{2.82e+02 ,4.88e+02 ,0.00e+00 ,4.86e+02 ,-1.00e+00 ,9.49e+02 ,3.49e+02 ,5.66e+02 ,-8.66e+01 ,0.00e+00 ,4.85e+02 ,2.56e+00 ,-1.13e+00 ,7.77e-02 ,4.87e+02 },
{2.32e+02 ,3.35e+02 ,-1.00e+00 ,3.37e+02 ,-1.00e+00 ,3.49e+02 ,-6.20e+04 ,-3.07e+04 ,1.07e+05 ,0.00e+00 ,3.37e+02 ,2.02e+00 ,4.89e-01 ,5.55e-01 ,3.36e+02 },
{3.98e+02 ,5.27e+02 ,-1.00e+00 ,5.28e+02 ,-1.00e+00 ,5.66e+02 ,-3.07e+04 ,-8.23e+03 ,5.34e+04 ,0.00e+00 ,5.28e+02 ,2.96e+00 ,4.37e-01 ,1.50e+00 ,5.27e+02 },
{6.51e+01 ,-9.12e+00 ,1.00e+00 ,-1.16e+01 ,0.00e+00 ,-8.66e+01 ,1.07e+05 ,5.34e+04 ,-1.60e+05 ,0.00e+00 ,-1.24e+01 ,-1.09e+00 ,-2.00e+00 ,-1.09e+00 ,-9.90e+00 },
{0.00e+00 ,0.00e+00 ,1.00e+00 ,0.00e+00 ,0.00e+00 ,0.00e+00 ,0.00e+00 ,0.00e+00 ,0.00e+00 ,0.00e+00 ,0.00e+00 ,0.00e+00 ,0.00e+00 ,0.00e+00 ,0.00e+00 },
{4.21e+02 ,5.21e+02 ,0.00e+00 ,5.20e+02 ,-1.00e+00 ,4.85e+02 ,3.37e+02 ,5.28e+02 ,-1.24e+01 ,0.00e+00 ,5.20e+02 ,2.61e+00 ,4.69e-01 ,-1.83e-01 ,5.20e+02 },
{2.35e+00 ,2.61e+00 ,0.00e+00 ,2.58e+00 ,0.00e+00 ,2.56e+00 ,2.02e+00 ,2.96e+00 ,-1.09e+00 ,0.00e+00 ,2.61e+00 ,-3.18e-01 ,-2.90e-01 ,2.79e-02 ,3.30e+00 },
{5.71e-02 ,-1.55e+00 ,0.00e+00 ,-2.64e-01 ,0.00e+00 ,-1.13e+00 ,4.89e-01 ,4.37e-01 ,-2.00e+00 ,0.00e+00 ,4.69e-01 ,-2.90e-01 ,-5.81e-01 ,-2.90e-01 ,-8.14e-01 },
{-1.40e-01 ,-1.82e-01 ,0.00e+00 ,-8.77e-01 ,0.00e+00 ,7.77e-02 ,5.55e-01 ,1.50e+00 ,-1.09e+00 ,0.00e+00 ,-1.83e-01 ,2.79e-02 ,-2.90e-01 ,-3.18e-01 ,-1.53e-01 },
{4.20e+02 ,5.20e+02 ,0.00e+00 ,1.67e+10 ,-1.00e+00 ,4.87e+02 ,3.36e+02 ,5.27e+02 ,-9.90e+00 ,0.00e+00 ,5.20e+02 ,3.30e+00 ,-8.14e-01 ,-1.53e-01 ,3.33e+10 }
}

Matrix A Decomposed: 
{
{3.33e+10 ,1.67e+10 ,-1.16e+01 ,5.28e+02 ,3.37e+02 ,4.86e+02 ,4.20e+02 ,5.20e+02 ,-2.64e-01 ,5.20e+02 ,2.58e+00 ,-8.77e-01 ,-1.00e+00 ,0.00e+00 ,0.00e+00 },
{5.00e-01 ,2.50e+10 ,-4.10e+00 ,2.63e+02 ,1.68e+02 ,2.44e+02 ,2.09e+02 ,2.60e+02 ,-6.82e-01 ,2.60e+02 ,2.01e+00 ,2.86e-01 ,-5.00e-01 ,0.00e+00 ,0.00e+00 },
{-3.48e-10 ,-1.64e-10 ,-1.60e+05 ,5.34e+04 ,1.07e+05 ,-8.66e+01 ,6.51e+01 ,-1.24e+01 ,-2.00e+00 ,-9.12e+00 ,-1.09e+00 ,-1.09e+00 ,-4.30e-10 ,1.00e+00 ,0.00e+00 },
{1.58e-08 ,1.05e-08 ,-3.33e-01 ,9.55e+03 ,4.84e+03 ,5.37e+02 ,4.19e+02 ,5.24e+02 ,-2.31e-01 ,5.24e+02 ,2.60e+00 ,1.13e+00 ,-1.00e+00 ,-6.67e-01 ,0.00e+00 },
{1.01e-08 ,6.70e-09 ,-6.67e-01 ,5.07e-01 ,6.71e+03 ,1.87e+01 ,6.29e+01 ,6.35e+01 ,-7.30e-01 ,6.32e+01 ,-2.66e-02 ,-7.49e-01 ,-4.93e-01 ,4.50e-03 ,0.00e+00 },
{1.46e-08 ,9.76e-09 ,5.41e-04 ,5.62e-02 ,2.79e-03 ,9.19e+02 ,2.58e+02 ,4.55e+02 ,-1.12e+00 ,4.58e+02 ,2.42e+00 ,1.66e-02 ,-9.42e-01 ,3.69e-02 ,0.00e+00 },
{1.26e-08 ,8.38e-09 ,-4.07e-04 ,4.39e-02 ,9.38e-03 ,2.81e-01 ,7.24e+02 ,2.70e+02 ,3.88e-01 ,2.66e+02 ,1.55e+00 ,-1.87e-01 ,-6.87e-01 ,1.93e-02 ,0.00e+00 },
{1.56e-08 ,1.04e-08 ,7.74e-05 ,5.48e-02 ,9.46e-03 ,4.96e-01 ,3.73e-01 ,1.65e+02 ,8.99e-01 ,1.65e+02 ,6.87e-01 ,-1.77e-01 ,-2.18e-01 ,1.09e-02 ,0.00e+00 },
{-7.91e-12 ,-2.73e-11 ,1.25e-05 ,-2.41e-05 ,-1.09e-04 ,-1.22e-03 ,5.35e-04 ,5.45e-03 ,-5.88e-01 ,-2.01e+00 ,-2.92e-01 ,-2.89e-01 ,3.29e-04 ,-5.32e-05 ,0.00e+00 },
{1.56e-08 ,1.04e-08 ,5.70e-05 ,5.49e-02 ,9.43e-03 ,4.99e-01 ,3.68e-01 ,1.00e+00 ,3.42e+00 ,6.88e+00 ,9.98e-01 ,9.89e-01 ,-1.13e-03 ,2.07e-04 ,0.00e+00 },
{7.73e-11 ,8.05e-11 ,6.84e-06 ,2.72e-04 ,-3.97e-06 ,2.63e-03 ,2.14e-03 ,4.17e-03 ,4.96e-01 ,1.45e-01 ,-3.31e-01 ,2.87e-02 ,5.13e-03 ,-1.32e-05 ,0.00e+00 },
{-2.63e-11 ,1.14e-11 ,6.84e-06 ,1.19e-04 ,-1.12e-04 ,1.81e-05 ,-2.59e-04 ,-1.07e-03 ,4.92e-01 ,1.44e-01 ,-8.67e-02 ,-3.16e-01 ,1.15e-04 ,8.41e-05 ,0.00e+00 },
{-3.00e-11 ,-2.00e-11 ,2.69e-15 ,-1.05e-04 ,-7.35e-05 ,-1.03e-03 ,-9.48e-04 ,-1.32e-03 ,-5.60e-04 ,-1.64e-04 ,-1.55e-02 ,-3.64e-04 ,-1.97e-03 ,9.69e-07 ,0.00e+00 },
{0.00e+00 ,0.00e+00 ,-6.25e-06 ,-6.98e-05 ,6.70e-07 ,4.02e-05 ,2.66e-05 ,6.64e-05 ,9.05e-05 ,3.01e-05 ,4.00e-05 ,-2.66e-04 ,-4.93e-04 ,-4.30e-05 ,1.00e+00 },
{0.00e+00 ,0.00e+00 ,0.00e+00 ,0.00e+00 ,0.00e+00 ,0.00e+00 ,0.00e+00 ,0.00e+00 ,0.00e+00 ,0.00e+00 ,0.00e+00 ,0.00e+00 ,0.00e+00 ,-2.33e+04 ,2.33e+04 }
}

Matrix L: 
{
{1.00e+00 ,0.00e+00 ,0.00e+00 ,0.00e+00 ,0.00e+00 ,0.00e+00 ,0.00e+00 ,0.00e+00 ,0.00e+00 ,0.00e+00 ,0.00e+00 ,0.00e+00 ,0.00e+00 ,0.00e+00 ,0.00e+00 },
{5.00e-01 ,1.00e+00 ,0.00e+00 ,0.00e+00 ,0.00e+00 ,0.00e+00 ,0.00e+00 ,0.00e+00 ,0.00e+00 ,0.00e+00 ,0.00e+00 ,0.00e+00 ,0.00e+00 ,0.00e+00 ,0.00e+00 },
{-3.48e-10 ,-1.64e-10 ,1.00e+00 ,0.00e+00 ,0.00e+00 ,0.00e+00 ,0.00e+00 ,0.00e+00 ,0.00e+00 ,0.00e+00 ,0.00e+00 ,0.00e+00 ,0.00e+00 ,0.00e+00 ,0.00e+00 },
{1.58e-08 ,1.05e-08 ,-3.33e-01 ,1.00e+00 ,0.00e+00 ,0.00e+00 ,0.00e+00 ,0.00e+00 ,0.00e+00 ,0.00e+00 ,0.00e+00 ,0.00e+00 ,0.00e+00 ,0.00e+00 ,0.00e+00 },
{1.01e-08 ,6.70e-09 ,-6.67e-01 ,5.07e-01 ,1.00e+00 ,0.00e+00 ,0.00e+00 ,0.00e+00 ,0.00e+00 ,0.00e+00 ,0.00e+00 ,0.00e+00 ,0.00e+00 ,0.00e+00 ,0.00e+00 },
{1.46e-08 ,9.76e-09 ,5.41e-04 ,5.62e-02 ,2.79e-03 ,1.00e+00 ,0.00e+00 ,0.00e+00 ,0.00e+00 ,0.00e+00 ,0.00e+00 ,0.00e+00 ,0.00e+00 ,0.00e+00 ,0.00e+00 },
{1.26e-08 ,8.38e-09 ,-4.07e-04 ,4.39e-02 ,9.38e-03 ,2.81e-01 ,1.00e+00 ,0.00e+00 ,0.00e+00 ,0.00e+00 ,0.00e+00 ,0.00e+00 ,0.00e+00 ,0.00e+00 ,0.00e+00 },
{1.56e-08 ,1.04e-08 ,7.74e-05 ,5.48e-02 ,9.46e-03 ,4.96e-01 ,3.73e-01 ,1.00e+00 ,0.00e+00 ,0.00e+00 ,0.00e+00 ,0.00e+00 ,0.00e+00 ,0.00e+00 ,0.00e+00 },
{-7.91e-12 ,-2.73e-11 ,1.25e-05 ,-2.41e-05 ,-1.09e-04 ,-1.22e-03 ,5.35e-04 ,5.45e-03 ,1.00e+00 ,0.00e+00 ,0.00e+00 ,0.00e+00 ,0.00e+00 ,0.00e+00 ,0.00e+00 },
{1.56e-08 ,1.04e-08 ,5.70e-05 ,5.49e-02 ,9.43e-03 ,4.99e-01 ,3.68e-01 ,1.00e+00 ,3.42e+00 ,1.00e+00 ,0.00e+00 ,0.00e+00 ,0.00e+00 ,0.00e+00 ,0.00e+00 },
{7.73e-11 ,8.05e-11 ,6.84e-06 ,2.72e-04 ,-3.97e-06 ,2.63e-03 ,2.14e-03 ,4.17e-03 ,4.96e-01 ,1.45e-01 ,1.00e+00 ,0.00e+00 ,0.00e+00 ,0.00e+00 ,0.00e+00 },
{-2.63e-11 ,1.14e-11 ,6.84e-06 ,1.19e-04 ,-1.12e-04 ,1.81e-05 ,-2.59e-04 ,-1.07e-03 ,4.92e-01 ,1.44e-01 ,-8.67e-02 ,1.00e+00 ,0.00e+00 ,0.00e+00 ,0.00e+00 },
{-3.00e-11 ,-2.00e-11 ,2.69e-15 ,-1.05e-04 ,-7.35e-05 ,-1.03e-03 ,-9.48e-04 ,-1.32e-03 ,-5.60e-04 ,-1.64e-04 ,-1.55e-02 ,-3.64e-04 ,1.00e+00 ,0.00e+00 ,0.00e+00 },
{0.00e+00 ,0.00e+00 ,-6.25e-06 ,-6.98e-05 ,6.70e-07 ,4.02e-05 ,2.66e-05 ,6.64e-05 ,9.05e-05 ,3.01e-05 ,4.00e-05 ,-2.66e-04 ,-4.93e-04 ,1.00e+00 ,0.00e+00 },
{0.00e+00 ,0.00e+00 ,0.00e+00 ,0.00e+00 ,0.00e+00 ,0.00e+00 ,0.00e+00 ,0.00e+00 ,0.00e+00 ,0.00e+00 ,0.00e+00 ,0.00e+00 ,0.00e+00 ,-2.33e+04 ,1.00e+00 }
}

Matrix U: 
{
{3.33e+10 ,1.67e+10 ,-1.16e+01 ,5.28e+02 ,3.37e+02 ,4.86e+02 ,4.20e+02 ,5.20e+02 ,-2.64e-01 ,5.20e+02 ,2.58e+00 ,-8.77e-01 ,-1.00e+00 ,0.00e+00 ,0.00e+00 },
{0.00e+00 ,2.50e+10 ,-4.10e+00 ,2.63e+02 ,1.68e+02 ,2.44e+02 ,2.09e+02 ,2.60e+02 ,-6.82e-01 ,2.60e+02 ,2.01e+00 ,2.86e-01 ,-5.00e-01 ,0.00e+00 ,0.00e+00 },
{0.00e+00 ,0.00e+00 ,-1.60e+05 ,5.34e+04 ,1.07e+05 ,-8.66e+01 ,6.51e+01 ,-1.24e+01 ,-2.00e+00 ,-9.12e+00 ,-1.09e+00 ,-1.09e+00 ,-4.30e-10 ,1.00e+00 ,0.00e+00 },
{0.00e+00 ,0.00e+00 ,0.00e+00 ,9.55e+03 ,4.84e+03 ,5.37e+02 ,4.19e+02 ,5.24e+02 ,-2.31e-01 ,5.24e+02 ,2.60e+00 ,1.13e+00 ,-1.00e+00 ,-6.67e-01 ,0.00e+00 },
{0.00e+00 ,0.00e+00 ,0.00e+00 ,0.00e+00 ,6.71e+03 ,1.87e+01 ,6.29e+01 ,6.35e+01 ,-7.30e-01 ,6.32e+01 ,-2.66e-02 ,-7.49e-01 ,-4.93e-01 ,4.50e-03 ,0.00e+00 },
{0.00e+00 ,0.00e+00 ,0.00e+00 ,0.00e+00 ,0.00e+00 ,9.19e+02 ,2.58e+02 ,4.55e+02 ,-1.12e+00 ,4.58e+02 ,2.42e+00 ,1.66e-02 ,-9.42e-01 ,3.69e-02 ,0.00e+00 },
{0.00e+00 ,0.00e+00 ,0.00e+00 ,0.00e+00 ,0.00e+00 ,0.00e+00 ,7.24e+02 ,2.70e+02 ,3.88e-01 ,2.66e+02 ,1.55e+00 ,-1.87e-01 ,-6.87e-01 ,1.93e-02 ,0.00e+00 },
{0.00e+00 ,0.00e+00 ,0.00e+00 ,0.00e+00 ,0.00e+00 ,0.00e+00 ,0.00e+00 ,1.65e+02 ,8.99e-01 ,1.65e+02 ,6.87e-01 ,-1.77e-01 ,-2.18e-01 ,1.09e-02 ,0.00e+00 },
{0.00e+00 ,0.00e+00 ,0.00e+00 ,0.00e+00 ,0.00e+00 ,0.00e+00 ,0.00e+00 ,0.00e+00 ,-5.88e-01 ,-2.01e+00 ,-2.92e-01 ,-2.89e-01 ,3.29e-04 ,-5.32e-05 ,0.00e+00 },
{0.00e+00 ,0.00e+00 ,0.00e+00 ,0.00e+00 ,0.00e+00 ,0.00e+00 ,0.00e+00 ,0.00e+00 ,0.00e+00 ,6.88e+00 ,9.98e-01 ,9.89e-01 ,-1.13e-03 ,2.07e-04 ,0.00e+00 },
{0.00e+00 ,0.00e+00 ,0.00e+00 ,0.00e+00 ,0.00e+00 ,0.00e+00 ,0.00e+00 ,0.00e+00 ,0.00e+00 ,0.00e+00 ,-3.31e-01 ,2.87e-02 ,5.13e-03 ,-1.32e-05 ,0.00e+00 },
{0.00e+00 ,0.00e+00 ,0.00e+00 ,0.00e+00 ,0.00e+00 ,0.00e+00 ,0.00e+00 ,0.00e+00 ,0.00e+00 ,0.00e+00 ,0.00e+00 ,-3.16e-01 ,1.15e-04 ,8.41e-05 ,0.00e+00 },
{0.00e+00 ,0.00e+00 ,0.00e+00 ,0.00e+00 ,0.00e+00 ,0.00e+00 ,0.00e+00 ,0.00e+00 ,0.00e+00 ,0.00e+00 ,0.00e+00 ,0.00e+00 ,-1.97e-03 ,9.69e-07 ,0.00e+00 },
{0.00e+00 ,0.00e+00 ,0.00e+00 ,0.00e+00 ,0.00e+00 ,0.00e+00 ,0.00e+00 ,0.00e+00 ,0.00e+00 ,0.00e+00 ,0.00e+00 ,0.00e+00 ,0.00e+00 ,-4.30e-05 ,1.00e+00 },
{0.00e+00 ,0.00e+00 ,0.00e+00 ,0.00e+00 ,0.00e+00 ,0.00e+00 ,0.00e+00 ,0.00e+00 ,0.00e+00 ,0.00e+00 ,0.00e+00 ,0.00e+00 ,0.00e+00 ,0.00e+00 ,2.33e+04 }
}

Matrix D: 
{
{1.00e+00 ,0.00e+00 ,0.00e+00 ,0.00e+00 ,0.00e+00 ,0.00e+00 ,0.00e+00 ,0.00e+00 ,0.00e+00 ,0.00e+00 ,0.00e+00 ,0.00e+00 ,0.00e+00 ,0.00e+00 ,0.00e+00 },
{0.00e+00 ,1.00e+00 ,0.00e+00 ,0.00e+00 ,0.00e+00 ,0.00e+00 ,0.00e+00 ,0.00e+00 ,0.00e+00 ,0.00e+00 ,0.00e+00 ,0.00e+00 ,0.00e+00 ,0.00e+00 ,0.00e+00 },
{0.00e+00 ,0.00e+00 ,1.00e+00 ,0.00e+00 ,0.00e+00 ,0.00e+00 ,0.00e+00 ,0.00e+00 ,0.00e+00 ,0.00e+00 ,0.00e+00 ,0.00e+00 ,0.00e+00 ,0.00e+00 ,0.00e+00 },
{0.00e+00 ,0.00e+00 ,0.00e+00 ,1.00e+00 ,0.00e+00 ,0.00e+00 ,0.00e+00 ,0.00e+00 ,0.00e+00 ,0.00e+00 ,0.00e+00 ,0.00e+00 ,0.00e+00 ,0.00e+00 ,0.00e+00 },
{0.00e+00 ,0.00e+00 ,0.00e+00 ,0.00e+00 ,1.00e+00 ,0.00e+00 ,0.00e+00 ,0.00e+00 ,0.00e+00 ,0.00e+00 ,0.00e+00 ,0.00e+00 ,0.00e+00 ,0.00e+00 ,0.00e+00 },
{0.00e+00 ,0.00e+00 ,0.00e+00 ,0.00e+00 ,0.00e+00 ,1.00e+00 ,0.00e+00 ,0.00e+00 ,0.00e+00 ,0.00e+00 ,0.00e+00 ,0.00e+00 ,0.00e+00 ,0.00e+00 ,0.00e+00 },
{0.00e+00 ,0.00e+00 ,0.00e+00 ,0.00e+00 ,0.00e+00 ,0.00e+00 ,1.00e+00 ,0.00e+00 ,0.00e+00 ,0.00e+00 ,0.00e+00 ,0.00e+00 ,0.00e+00 ,0.00e+00 ,0.00e+00 },
{0.00e+00 ,0.00e+00 ,0.00e+00 ,0.00e+00 ,0.00e+00 ,0.00e+00 ,0.00e+00 ,1.00e+00 ,0.00e+00 ,0.00e+00 ,0.00e+00 ,0.00e+00 ,0.00e+00 ,0.00e+00 ,0.00e+00 },
{0.00e+00 ,0.00e+00 ,0.00e+00 ,0.00e+00 ,0.00e+00 ,0.00e+00 ,0.00e+00 ,0.00e+00 ,1.00e+00 ,0.00e+00 ,0.00e+00 ,0.00e+00 ,0.00e+00 ,0.00e+00 ,0.00e+00 },
{0.00e+00 ,0.00e+00 ,0.00e+00 ,0.00e+00 ,0.00e+00 ,0.00e+00 ,0.00e+00 ,0.00e+00 ,0.00e+00 ,1.00e+00 ,0.00e+00 ,0.00e+00 ,0.00e+00 ,0.00e+00 ,0.00e+00 },
{0.00e+00 ,0.00e+00 ,0.00e+00 ,0.00e+00 ,0.00e+00 ,0.00e+00 ,0.00e+00 ,0.00e+00 ,0.00e+00 ,0.00e+00 ,1.00e+00 ,0.00e+00 ,0.00e+00 ,0.00e+00 ,0.00e+00 },
{0.00e+00 ,0.00e+00 ,0.00e+00 ,0.00e+00 ,0.00e+00 ,0.00e+00 ,0.00e+00 ,0.00e+00 ,0.00e+00 ,0.00e+00 ,0.00e+00 ,1.00e+00 ,0.00e+00 ,0.00e+00 ,0.00e+00 },
{0.00e+00 ,0.00e+00 ,0.00e+00 ,0.00e+00 ,0.00e+00 ,0.00e+00 ,0.00e+00 ,0.00e+00 ,0.00e+00 ,0.00e+00 ,0.00e+00 ,0.00e+00 ,1.00e+00 ,0.00e+00 ,0.00e+00 },
{0.00e+00 ,0.00e+00 ,0.00e+00 ,0.00e+00 ,0.00e+00 ,0.00e+00 ,0.00e+00 ,0.00e+00 ,0.00e+00 ,0.00e+00 ,0.00e+00 ,0.00e+00 ,0.00e+00 ,1.00e+00 ,0.00e+00 },
{0.00e+00 ,0.00e+00 ,0.00e+00 ,0.00e+00 ,0.00e+00 ,0.00e+00 ,0.00e+00 ,0.00e+00 ,0.00e+00 ,0.00e+00 ,0.00e+00 ,0.00e+00 ,0.00e+00 ,0.00e+00 ,1.00e+00 }
}

Permuted Rows: 
{
{0.00e+00 ,0.00e+00 ,0.00e+00 ,1.00e+00 ,0.00e+00 ,0.00e+00 ,0.00e+00 ,0.00e+00 ,0.00e+00 ,0.00e+00 ,0.00e+00 ,0.00e+00 ,0.00e+00 ,0.00e+00 ,0.00e+00 },
{0.00e+00 ,0.00e+00 ,0.00e+00 ,0.00e+00 ,0.00e+00 ,0.00e+00 ,0.00e+00 ,0.00e+00 ,0.00e+00 ,0.00e+00 ,0.00e+00 ,0.00e+00 ,0.00e+00 ,0.00e+00 ,1.00e+00 },
{0.00e+00 ,0.00e+00 ,0.00e+00 ,0.00e+00 ,0.00e+00 ,0.00e+00 ,0.00e+00 ,0.00e+00 ,1.00e+00 ,0.00e+00 ,0.00e+00 ,0.00e+00 ,0.00e+00 ,0.00e+00 ,0.00e+00 },
{0.00e+00 ,0.00e+00 ,0.00e+00 ,0.00e+00 ,0.00e+00 ,0.00e+00 ,0.00e+00 ,1.00e+00 ,0.00e+00 ,0.00e+00 ,0.00e+00 ,0.00e+00 ,0.00e+00 ,0.00e+00 ,0.00e+00 },
{0.00e+00 ,0.00e+00 ,0.00e+00 ,0.00e+00 ,0.00e+00 ,0.00e+00 ,1.00e+00 ,0.00e+00 ,0.00e+00 ,0.00e+00 ,0.00e+00 ,0.00e+00 ,0.00e+00 ,0.00e+00 ,0.00e+00 },
{0.00e+00 ,0.00e+00 ,0.00e+00 ,0.00e+00 ,0.00e+00 ,1.00e+00 ,0.00e+00 ,0.00e+00 ,0.00e+00 ,0.00e+00 ,0.00e+00 ,0.00e+00 ,0.00e+00 ,0.00e+00 ,0.00e+00 },
{1.00e+00 ,0.00e+00 ,0.00e+00 ,0.00e+00 ,0.00e+00 ,0.00e+00 ,0.00e+00 ,0.00e+00 ,0.00e+00 ,0.00e+00 ,0.00e+00 ,0.00e+00 ,0.00e+00 ,0.00e+00 ,0.00e+00 },
{0.00e+00 ,0.00e+00 ,0.00e+00 ,0.00e+00 ,0.00e+00 ,0.00e+00 ,0.00e+00 ,0.00e+00 ,0.00e+00 ,0.00e+00 ,1.00e+00 ,0.00e+00 ,0.00e+00 ,0.00e+00 ,0.00e+00 },
{0.00e+00 ,0.00e+00 ,0.00e+00 ,0.00e+00 ,0.00e+00 ,0.00e+00 ,0.00e+00 ,0.00e+00 ,0.00e+00 ,0.00e+00 ,0.00e+00 ,0.00e+00 ,1.00e+00 ,0.00e+00 ,0.00e+00 },
{0.00e+00 ,1.00e+00 ,0.00e+00 ,0.00e+00 ,0.00e+00 ,0.00e+00 ,0.00e+00 ,0.00e+00 ,0.00e+00 ,0.00e+00 ,0.00e+00 ,0.00e+00 ,0.00e+00 ,0.00e+00 ,0.00e+00 },
{0.00e+00 ,0.00e+00 ,0.00e+00 ,0.00e+00 ,0.00e+00 ,0.00e+00 ,0.00e+00 ,0.00e+00 ,0.00e+00 ,0.00e+00 ,0.00e+00 ,1.00e+00 ,0.00e+00 ,0.00e+00 ,0.00e+00 },
{0.00e+00 ,0.00e+00 ,0.00e+00 ,0.00e+00 ,0.00e+00 ,0.00e+00 ,0.00e+00 ,0.00e+00 ,0.00e+00 ,0.00e+00 ,0.00e+00 ,0.00e+00 ,0.00e+00 ,1.00e+00 ,0.00e+00 },
{0.00e+00 ,0.00e+00 ,0.00e+00 ,0.00e+00 ,1.00e+00 ,0.00e+00 ,0.00e+00 ,0.00e+00 ,0.00e+00 ,0.00e+00 ,0.00e+00 ,0.00e+00 ,0.00e+00 ,0.00e+00 ,0.00e+00 },
{0.00e+00 ,0.00e+00 ,1.00e+00 ,0.00e+00 ,0.00e+00 ,0.00e+00 ,0.00e+00 ,0.00e+00 ,0.00e+00 ,0.00e+00 ,0.00e+00 ,0.00e+00 ,0.00e+00 ,0.00e+00 ,0.00e+00 },
{0.00e+00 ,0.00e+00 ,0.00e+00 ,0.00e+00 ,0.00e+00 ,0.00e+00 ,0.00e+00 ,0.00e+00 ,0.00e+00 ,1.00e+00 ,0.00e+00 ,0.00e+00 ,0.00e+00 ,0.00e+00 ,0.00e+00 }
}

Permuted Columns: 
{
{0.00e+00 ,0.00e+00 ,0.00e+00 ,0.00e+00 ,0.00e+00 ,0.00e+00 ,1.00e+00 ,0.00e+00 ,0.00e+00 ,0.00e+00 ,0.00e+00 ,0.00e+00 ,0.00e+00 ,0.00e+00 ,0.00e+00 },
{0.00e+00 ,0.00e+00 ,0.00e+00 ,0.00e+00 ,0.00e+00 ,0.00e+00 ,0.00e+00 ,0.00e+00 ,0.00e+00 ,1.00e+00 ,0.00e+00 ,0.00e+00 ,0.00e+00 ,0.00e+00 ,0.00e+00 },
{0.00e+00 ,0.00e+00 ,0.00e+00 ,0.00e+00 ,0.00e+00 ,0.00e+00 ,0.00e+00 ,0.00e+00 ,0.00e+00 ,0.00e+00 ,0.00e+00 ,0.00e+00 ,0.00e+00 ,1.00e+00 ,0.00e+00 },
{1.00e+00 ,0.00e+00 ,0.00e+00 ,0.00e+00 ,0.00e+00 ,0.00e+00 ,0.00e+00 ,0.00e+00 ,0.00e+00 ,0.00e+00 ,0.00e+00 ,0.00e+00 ,0.00e+00 ,0.00e+00 ,0.00e+00 },
{0.00e+00 ,0.00e+00 ,0.00e+00 ,0.00e+00 ,0.00e+00 ,0.00e+00 ,0.00e+00 ,0.00e+00 ,0.00e+00 ,0.00e+00 ,0.00e+00 ,0.00e+00 ,1.00e+00 ,0.00e+00 ,0.00e+00 },
{0.00e+00 ,0.00e+00 ,0.00e+00 ,0.00e+00 ,0.00e+00 ,1.00e+00 ,0.00e+00 ,0.00e+00 ,0.00e+00 ,0.00e+00 ,0.00e+00 ,0.00e+00 ,0.00e+00 ,0.00e+00 ,0.00e+00 },
{0.00e+00 ,0.00e+00 ,0.00e+00 ,0.00e+00 ,1.00e+00 ,0.00e+00 ,0.00e+00 ,0.00e+00 ,0.00e+00 ,0.00e+00 ,0.00e+00 ,0.00e+00 ,0.00e+00 ,0.00e+00 ,0.00e+00 },
{0.00e+00 ,0.00e+00 ,0.00e+00 ,1.00e+00 ,0.00e+00 ,0.00e+00 ,0.00e+00 ,0.00e+00 ,0.00e+00 ,0.00e+00 ,0.00e+00 ,0.00e+00 ,0.00e+00 ,0.00e+00 ,0.00e+00 },
{0.00e+00 ,0.00e+00 ,1.00e+00 ,0.00e+00 ,0.00e+00 ,0.00e+00 ,0.00e+00 ,0.00e+00 ,0.00e+00 ,0.00e+00 ,0.00e+00 ,0.00e+00 ,0.00e+00 ,0.00e+00 ,0.00e+00 },
{0.00e+00 ,0.00e+00 ,0.00e+00 ,0.00e+00 ,0.00e+00 ,0.00e+00 ,0.00e+00 ,0.00e+00 ,0.00e+00 ,0.00e+00 ,0.00e+00 ,0.00e+00 ,0.00e+00 ,0.00e+00 ,1.00e+00 },
{0.00e+00 ,0.00e+00 ,0.00e+00 ,0.00e+00 ,0.00e+00 ,0.00e+00 ,0.00e+00 ,1.00e+00 ,0.00e+00 ,0.00e+00 ,0.00e+00 ,0.00e+00 ,0.00e+00 ,0.00e+00 ,0.00e+00 },
{0.00e+00 ,0.00e+00 ,0.00e+00 ,0.00e+00 ,0.00e+00 ,0.00e+00 ,0.00e+00 ,0.00e+00 ,0.00e+00 ,0.00e+00 ,1.00e+00 ,0.00e+00 ,0.00e+00 ,0.00e+00 ,0.00e+00 },
{0.00e+00 ,0.00e+00 ,0.00e+00 ,0.00e+00 ,0.00e+00 ,0.00e+00 ,0.00e+00 ,0.00e+00 ,1.00e+00 ,0.00e+00 ,0.00e+00 ,0.00e+00 ,0.00e+00 ,0.00e+00 ,0.00e+00 },
{0.00e+00 ,0.00e+00 ,0.00e+00 ,0.00e+00 ,0.00e+00 ,0.00e+00 ,0.00e+00 ,0.00e+00 ,0.00e+00 ,0.00e+00 ,0.00e+00 ,1.00e+00 ,0.00e+00 ,0.00e+00 ,0.00e+00 },
{0.00e+00 ,1.00e+00 ,0.00e+00 ,0.00e+00 ,0.00e+00 ,0.00e+00 ,0.00e+00 ,0.00e+00 ,0.00e+00 ,0.00e+00 ,0.00e+00 ,0.00e+00 ,0.00e+00 ,0.00e+00 ,0.00e+00 }
}

Inverse of A: 
{
{2.11e-03 ,-6.01e-04 ,0.00e+00 ,4.92e-14 ,-2.22e-01 ,4.34e-04 ,-1.33e-05 ,4.90e-06 ,-6.40e-06 ,-1.97e-06 ,-1.94e-03 ,7.98e-04 ,-2.49e-03 ,3.00e-03 ,-1.19e-13 },
{-6.01e-04 ,2.06e-03 ,0.00e+00 ,1.98e-11 ,1.09e+00 ,-1.94e-03 ,6.98e-05 ,-1.35e-04 ,1.50e-06 ,-6.70e-05 ,5.47e-04 ,4.98e-01 ,-4.97e-01 ,4.96e-01 ,-3.98e-11 },
{-2.19e-16 ,2.33e-16 ,-0.00e+00 ,-2.97e-25 ,-1.33e-13 ,-1.14e-16 ,1.91e-15 ,-6.98e-16 ,4.84e-16 ,1.00e+00 ,-2.48e-15 ,-6.49e-15 ,-1.43e-17 ,-2.78e-15 ,8.40e-26 },
{4.92e-14 ,1.98e-11 ,0.00e+00 ,4.00e-11 ,-1.34e-10 ,-1.19e-13 ,-1.81e-14 ,1.91e-14 ,-4.33e-15 ,5.29e-15 ,-3.98e-11 ,-5.56e-11 ,2.74e-14 ,-9.42e-11 ,-2.00e-11 },
{-2.22e-01 ,1.09e+00 ,0.00e+00 ,-1.34e-10 ,-5.08e+02 ,-1.26e-01 ,-2.89e-02 ,1.54e-02 ,-1.41e-02 ,4.93e-04 ,-1.73e+00 ,-7.90e+00 ,8.40e-04 ,-1.85e-01 ,2.17e-10 },
{4.34e-04 ,-1.94e-03 ,-0.00e+00 ,-1.19e-13 ,-1.26e-01 ,2.11e-03 ,4.90e-06 ,-1.33e-05 ,-1.97e-06 ,-6.40e-06 ,-6.01e-04 ,-3.00e-03 ,2.49e-03 ,-7.98e-04 ,4.93e-14 },
{-1.33e-05 ,6.98e-05 ,0.00e+00 ,-1.81e-14 ,-2.89e-02 ,4.90e-06 ,1.48e-04 ,-7.38e-05 ,7.38e-05 ,5.12e-08 ,-1.35e-04 ,-6.30e-04 ,2.21e-08 ,-3.55e-04 ,1.91e-14 },
{4.90e-06 ,-1.35e-04 ,0.00e+00 ,1.91e-14 ,1.54e-02 ,-1.33e-05 ,-7.38e-05 ,1.48e-04 ,4.67e-08 ,7.38e-05 ,6.98e-05 ,3.55e-04 ,-4.27e-08 ,6.30e-04 ,-1.81e-14 },
{-6.40e-06 ,1.50e-06 ,0.00e+00 ,-4.33e-15 ,-1.41e-02 ,-1.97e-06 ,7.38e-05 ,4.67e-08 ,4.30e-05 ,3.09e-05 ,-6.70e-05 ,-2.67e-04 ,-1.25e-05 ,9.25e-06 ,5.29e-15 },
{-1.97e-06 ,-6.70e-05 ,1.00e+00 ,5.29e-15 ,4.93e-04 ,-6.40e-06 ,5.12e-08 ,7.38e-05 ,3.09e-05 ,4.30e-05 ,1.50e-06 ,-9.25e-06 ,1.25e-05 ,2.67e-04 ,-4.33e-15 },
{-1.94e-03 ,5.47e-04 ,0.00e+00 ,-3.98e-11 ,-1.73e+00 ,-6.01e-04 ,-1.35e-04 ,6.98e-05 ,-6.70e-05 ,1.50e-06 ,2.06e-03 ,-4.96e-01 ,4.97e-01 ,-4.98e-01 ,1.98e-11 },
{7.98e-04 ,4.98e-01 ,0.00e+00 ,-5.56e-11 ,-7.90e+00 ,-3.00e-03 ,-6.30e-04 ,3.55e-04 ,-2.67e-04 ,-9.25e-06 ,-4.96e-01 ,-3.17e+00 ,2.65e-04 ,-2.77e-01 ,9.42e-11 },
{-2.49e-03 ,-4.97e-01 ,0.00e+00 ,2.74e-14 ,8.40e-04 ,2.49e-03 ,2.21e-08 ,-4.27e-08 ,-1.25e-05 ,1.25e-05 ,4.97e-01 ,2.65e-04 ,-2.59e-04 ,2.60e-04 ,-2.74e-14 },
{3.00e-03 ,4.96e-01 ,-0.00e+00 ,-9.42e-11 ,-1.85e-01 ,-7.98e-04 ,-3.55e-04 ,6.30e-04 ,9.25e-06 ,2.67e-04 ,-4.98e-01 ,-2.77e-01 ,2.60e-04 ,-3.17e+00 ,5.56e-11 },
{-1.19e-13 ,-3.98e-11 ,0.00e+00 ,-2.00e-11 ,2.17e-10 ,4.93e-14 ,1.91e-14 ,-1.81e-14 ,5.29e-15 ,-4.33e-15 ,1.98e-11 ,9.42e-11 ,-2.74e-14 ,5.56e-11 ,4.00e-11 }
}

Inverse of L: 
{
{1.00e+00 ,0.00e+00 ,0.00e+00 ,0.00e+00 ,0.00e+00 ,0.00e+00 ,0.00e+00 ,0.00e+00 ,0.00e+00 ,0.00e+00 ,0.00e+00 ,0.00e+00 ,0.00e+00 ,0.00e+00 ,0.00e+00 },
{-5.00e-01 ,1.00e+00 ,0.00e+00 ,0.00e+00 ,0.00e+00 ,0.00e+00 ,0.00e+00 ,0.00e+00 ,0.00e+00 ,0.00e+00 ,0.00e+00 ,0.00e+00 ,0.00e+00 ,0.00e+00 ,0.00e+00 },
{2.66e-10 ,1.64e-10 ,1.00e+00 ,0.00e+00 ,0.00e+00 ,0.00e+00 ,0.00e+00 ,0.00e+00 ,0.00e+00 ,0.00e+00 ,0.00e+00 ,0.00e+00 ,0.00e+00 ,0.00e+00 ,0.00e+00 },
{-1.05e-08 ,-1.05e-08 ,3.33e-01 ,1.00e+00 ,0.00e+00 ,0.00e+00 ,0.00e+00 ,0.00e+00 ,0.00e+00 ,0.00e+00 ,0.00e+00 ,0.00e+00 ,0.00e+00 ,0.00e+00 ,0.00e+00 },
{-1.25e-09 ,-1.29e-09 ,4.98e-01 ,-5.07e-01 ,1.00e+00 ,0.00e+00 ,0.00e+00 ,0.00e+00 ,0.00e+00 ,0.00e+00 ,0.00e+00 ,0.00e+00 ,0.00e+00 ,0.00e+00 ,0.00e+00 },
{-9.11e-09 ,-9.16e-09 ,-2.07e-02 ,-5.48e-02 ,-2.79e-03 ,1.00e+00 ,0.00e+00 ,0.00e+00 ,0.00e+00 ,0.00e+00 ,0.00e+00 ,0.00e+00 ,0.00e+00 ,0.00e+00 ,0.00e+00 },
{-5.39e-09 ,-5.33e-09 ,-1.31e-02 ,-2.37e-02 ,-8.60e-03 ,-2.81e-01 ,1.00e+00 ,0.00e+00 ,0.00e+00 ,0.00e+00 ,0.00e+00 ,0.00e+00 ,0.00e+00 ,0.00e+00 ,0.00e+00 },
{-3.28e-09 ,-3.28e-09 ,-7.94e-03 ,-1.40e-02 ,-4.88e-03 ,-3.91e-01 ,-3.73e-01 ,1.00e+00 ,0.00e+00 ,0.00e+00 ,0.00e+00 ,0.00e+00 ,0.00e+00 ,0.00e+00 ,0.00e+00 },
{3.53e-12 ,3.65e-11 ,7.48e-05 ,-8.62e-06 ,1.37e-04 ,3.50e-03 ,1.50e-03 ,-5.45e-03 ,1.00e+00 ,0.00e+00 ,0.00e+00 ,0.00e+00 ,0.00e+00 ,0.00e+00 ,0.00e+00 },
{-1.21e-11 ,-1.25e-10 ,-2.31e-04 ,2.94e-05 ,-4.67e-04 ,-1.70e-02 ,-1.19e-04 ,-9.81e-01 ,-3.42e+00 ,1.00e+00 ,-0.00e+00 ,-0.00e+00 ,-0.00e+00 ,-0.00e+00 ,-0.00e+00 },
{1.50e-11 ,-2.85e-11 ,1.64e-05 ,-2.04e-05 ,5.01e-05 ,3.24e-04 ,-1.32e-03 ,1.41e-01 ,-7.61e-05 ,-1.45e-01 ,1.00e+00 ,0.00e+00 ,0.00e+00 ,0.00e+00 ,0.00e+00 },
{2.97e-11 ,-1.75e-11 ,-4.54e-06 ,-1.97e-04 ,1.09e-04 ,2.38e-04 ,-9.73e-04 ,1.57e-01 ,-8.19e-05 ,-1.56e-01 ,8.67e-02 ,1.00e+00 ,0.00e+00 ,0.00e+00 ,0.00e+00 },
{2.63e-13 ,-4.27e-13 ,2.76e-05 ,-3.02e-05 ,5.69e-05 ,2.48e-04 ,4.36e-04 ,3.40e-03 ,-1.65e-06 ,-2.14e-03 ,1.55e-02 ,3.64e-04 ,1.00e+00 ,0.00e+00 ,0.00e+00 },
{5.29e-15 ,-4.33e-15 ,3.09e-05 ,7.38e-05 ,5.12e-08 ,-6.40e-06 ,-1.97e-06 ,1.50e-06 ,1.25e-05 ,-6.70e-05 ,-9.25e-06 ,2.67e-04 ,4.93e-04 ,1.00e+00 ,-0.00e+00 },
{1.23e-10 ,-1.01e-10 ,7.19e-01 ,1.72e+00 ,1.19e-03 ,-1.49e-01 ,-4.59e-02 ,3.49e-02 ,2.90e-01 ,-1.56e+00 ,-2.15e-01 ,6.20e+00 ,1.15e+01 ,2.33e+04 ,1.00e+00 }
}

Inverse of U: 
{
{3.00e-11 ,-2.00e-11 ,-1.66e-15 ,-1.10e-12 ,-1.87e-13 ,-9.92e-12 ,-7.44e-12 ,-1.99e-11 ,-6.01e-12 ,-1.76e-12 ,-4.54e-11 ,-9.41e-11 ,-1.34e-10 ,-1.23e-10 ,5.29e-15 },
{0.00e+00 ,4.00e-11 ,-1.03e-15 ,-1.10e-12 ,-1.92e-13 ,-9.98e-12 ,-7.36e-12 ,-1.99e-11 ,-6.20e-11 ,-1.81e-11 ,8.60e-11 ,5.55e-11 ,2.17e-10 ,1.01e-10 ,-4.33e-15 },
{-0.00e+00 ,-0.00e+00 ,-6.25e-06 ,3.49e-05 ,7.42e-05 ,-2.25e-05 ,-1.81e-05 ,-4.81e-05 ,-1.27e-04 ,-3.35e-05 ,-4.95e-05 ,1.44e-05 ,-1.41e-02 ,-7.19e-01 ,3.09e-05 },
{0.00e+00 ,0.00e+00 ,0.00e+00 ,1.05e-04 ,-7.56e-05 ,-5.97e-05 ,-3.28e-05 ,-8.50e-05 ,1.47e-05 ,4.28e-06 ,6.18e-05 ,6.25e-04 ,1.54e-02 ,-1.72e+00 ,7.38e-05 },
{0.00e+00 ,0.00e+00 ,0.00e+00 ,0.00e+00 ,1.49e-04 ,-3.04e-06 ,-1.19e-05 ,-2.96e-05 ,-2.32e-04 ,-6.79e-05 ,-1.51e-04 ,-3.44e-04 ,-2.89e-02 ,-1.19e-03 ,5.12e-08 },
{0.00e+00 ,0.00e+00 ,0.00e+00 ,0.00e+00 ,0.00e+00 ,1.09e-03 ,-3.88e-04 ,-2.37e-03 ,-5.96e-03 ,-2.47e-03 ,-9.79e-04 ,-7.52e-04 ,-1.26e-01 ,1.49e-01 ,-6.40e-06 },
{0.00e+00 ,0.00e+00 ,0.00e+00 ,0.00e+00 ,0.00e+00 ,0.00e+00 ,1.38e-03 ,-2.26e-03 ,-2.55e-03 ,-1.73e-05 ,3.98e-03 ,3.08e-03 ,-2.22e-01 ,4.59e-02 ,-1.97e-06 },
{0.00e+00 ,0.00e+00 ,0.00e+00 ,0.00e+00 ,0.00e+00 ,0.00e+00 ,0.00e+00 ,6.07e-03 ,9.28e-03 ,-1.43e-01 ,-4.26e-01 ,-4.97e-01 ,-1.73e+00 ,-3.49e-02 ,1.50e-06 },
{-0.00e+00 ,-0.00e+00 ,-0.00e+00 ,-0.00e+00 ,-0.00e+00 ,-0.00e+00 ,-0.00e+00 ,-0.00e+00 ,-1.70e+00 ,-4.97e-01 ,2.30e-04 ,2.59e-04 ,8.40e-04 ,-2.90e-01 ,1.25e-05 },
{0.00e+00 ,0.00e+00 ,0.00e+00 ,0.00e+00 ,0.00e+00 ,0.00e+00 ,0.00e+00 ,0.00e+00 ,0.00e+00 ,1.45e-01 ,4.38e-01 ,4.95e-01 ,1.09e+00 ,1.56e+00 ,-6.70e-05 },
{-0.00e+00 ,-0.00e+00 ,-0.00e+00 ,-0.00e+00 ,-0.00e+00 ,-0.00e+00 ,-0.00e+00 ,-0.00e+00 ,-0.00e+00 ,-0.00e+00 ,-3.02e+00 ,-2.75e-01 ,-7.90e+00 ,2.15e-01 ,-9.25e-06 },
{-0.00e+00 ,-0.00e+00 ,-0.00e+00 ,-0.00e+00 ,-0.00e+00 ,-0.00e+00 ,-0.00e+00 ,-0.00e+00 ,-0.00e+00 ,-0.00e+00 ,-0.00e+00 ,-3.17e+00 ,-1.85e-01 ,-6.20e+00 ,2.67e-04 },
{-0.00e+00 ,-0.00e+00 ,-0.00e+00 ,-0.00e+00 ,-0.00e+00 ,-0.00e+00 ,-0.00e+00 ,-0.00e+00 ,-0.00e+00 ,-0.00e+00 ,-0.00e+00 ,-0.00e+00 ,-5.08e+02 ,-1.15e+01 ,4.93e-04 },
{-0.00e+00 ,-0.00e+00 ,-0.00e+00 ,-0.00e+00 ,-0.00e+00 ,-0.00e+00 ,-0.00e+00 ,-0.00e+00 ,-0.00e+00 ,-0.00e+00 ,-0.00e+00 ,-0.00e+00 ,-0.00e+00 ,-2.33e+04 ,1.00e+00 },
{0.00e+00 ,0.00e+00 ,0.00e+00 ,0.00e+00 ,0.00e+00 ,0.00e+00 ,0.00e+00 ,0.00e+00 ,0.00e+00 ,0.00e+00 ,0.00e+00 ,0.00e+00 ,0.00e+00 ,0.00e+00 ,4.30e-05 }
}

Inverse of D: 
{
{1.00e+00 ,0.00e+00 ,0.00e+00 ,0.00e+00 ,0.00e+00 ,0.00e+00 ,0.00e+00 ,0.00e+00 ,0.00e+00 ,0.00e+00 ,0.00e+00 ,0.00e+00 ,0.00e+00 ,0.00e+00 ,0.00e+00 },
{0.00e+00 ,1.00e+00 ,0.00e+00 ,0.00e+00 ,0.00e+00 ,0.00e+00 ,0.00e+00 ,0.00e+00 ,0.00e+00 ,0.00e+00 ,0.00e+00 ,0.00e+00 ,0.00e+00 ,0.00e+00 ,0.00e+00 },
{0.00e+00 ,0.00e+00 ,1.00e+00 ,0.00e+00 ,0.00e+00 ,0.00e+00 ,0.00e+00 ,0.00e+00 ,0.00e+00 ,0.00e+00 ,0.00e+00 ,0.00e+00 ,0.00e+00 ,0.00e+00 ,0.00e+00 },
{0.00e+00 ,0.00e+00 ,0.00e+00 ,1.00e+00 ,0.00e+00 ,0.00e+00 ,0.00e+00 ,0.00e+00 ,0.00e+00 ,0.00e+00 ,0.00e+00 ,0.00e+00 ,0.00e+00 ,0.00e+00 ,0.00e+00 },
{0.00e+00 ,0.00e+00 ,0.00e+00 ,0.00e+00 ,1.00e+00 ,0.00e+00 ,0.00e+00 ,0.00e+00 ,0.00e+00 ,0.00e+00 ,0.00e+00 ,0.00e+00 ,0.00e+00 ,0.00e+00 ,0.00e+00 },
{0.00e+00 ,0.00e+00 ,0.00e+00 ,0.00e+00 ,0.00e+00 ,1.00e+00 ,0.00e+00 ,0.00e+00 ,0.00e+00 ,0.00e+00 ,0.00e+00 ,0.00e+00 ,0.00e+00 ,0.00e+00 ,0.00e+00 },
{0.00e+00 ,0.00e+00 ,0.00e+00 ,0.00e+00 ,0.00e+00 ,0.00e+00 ,1.00e+00 ,0.00e+00 ,0.00e+00 ,0.00e+00 ,0.00e+00 ,0.00e+00 ,0.00e+00 ,0.00e+00 ,0.00e+00 },
{0.00e+00 ,0.00e+00 ,0.00e+00 ,0.00e+00 ,0.00e+00 ,0.00e+00 ,0.00e+00 ,1.00e+00 ,0.00e+00 ,0.00e+00 ,0.00e+00 ,0.00e+00 ,0.00e+00 ,0.00e+00 ,0.00e+00 },
{0.00e+00 ,0.00e+00 ,0.00e+00 ,0.00e+00 ,0.00e+00 ,0.00e+00 ,0.00e+00 ,0.00e+00 ,1.00e+00 ,0.00e+00 ,0.00e+00 ,0.00e+00 ,0.00e+00 ,0.00e+00 ,0.00e+00 },
{0.00e+00 ,0.00e+00 ,0.00e+00 ,0.00e+00 ,0.00e+00 ,0.00e+00 ,0.00e+00 ,0.00e+00 ,0.00e+00 ,1.00e+00 ,0.00e+00 ,0.00e+00 ,0.00e+00 ,0.00e+00 ,0.00e+00 },
{0.00e+00 ,0.00e+00 ,0.00e+00 ,0.00e+00 ,0.00e+00 ,0.00e+00 ,0.00e+00 ,0.00e+00 ,0.00e+00 ,0.00e+00 ,1.00e+00 ,0.00e+00 ,0.00e+00 ,0.00e+00 ,0.00e+00 },
{0.00e+00 ,0.00e+00 ,0.00e+00 ,0.00e+00 ,0.00e+00 ,0.00e+00 ,0.00e+00 ,0.00e+00 ,0.00e+00 ,0.00e+00 ,0.00e+00 ,1.00e+00 ,0.00e+00 ,0.00e+00 ,0.00e+00 },
{0.00e+00 ,0.00e+00 ,0.00e+00 ,0.00e+00 ,0.00e+00 ,0.00e+00 ,0.00e+00 ,0.00e+00 ,0.00e+00 ,0.00e+00 ,0.00e+00 ,0.00e+00 ,1.00e+00 ,0.00e+00 ,0.00e+00 },
{0.00e+00 ,0.00e+00 ,0.00e+00 ,0.00e+00 ,0.00e+00 ,0.00e+00 ,0.00e+00 ,0.00e+00 ,0.00e+00 ,0.00e+00 ,0.00e+00 ,0.00e+00 ,0.00e+00 ,1.00e+00 ,0.00e+00 },
{0.00e+00 ,0.00e+00 ,0.00e+00 ,0.00e+00 ,0.00e+00 ,0.00e+00 ,0.00e+00 ,0.00e+00 ,0.00e+00 ,0.00e+00 ,0.00e+00 ,0.00e+00 ,0.00e+00 ,0.00e+00 ,1.00e+00 }
}

Inverse of A Decomposed: 
{
{2.11e-03 ,-6.01e-04 ,6.93e-17 ,4.92e-14 ,-2.22e-01 ,4.34e-04 ,-1.33e-05 ,4.90e-06 ,-6.40e-06 ,-1.97e-06 ,-1.94e-03 ,7.98e-04 ,-2.49e-03 ,3.00e-03 ,-1.19e-13 },
{-6.01e-04 ,2.06e-03 ,2.39e-16 ,1.98e-11 ,1.09e+00 ,-1.94e-03 ,6.98e-05 ,-1.35e-04 ,1.50e-06 ,-6.70e-05 ,5.47e-04 ,4.98e-01 ,-4.97e-01 ,4.96e-01 ,-3.98e-11 },
{6.94e-18 ,0.00e+00 ,0.00e+00 ,0.00e+00 ,-1.78e-15 ,0.00e+00 ,0.00e+00 ,0.00e+00 ,0.00e+00 ,1.00e+00 ,0.00e+00 ,0.00e+00 ,0.00e+00 ,0.00e+00 ,0.00e+00 },
{4.92e-14 ,1.98e-11 ,2.08e-24 ,4.00e-11 ,-1.34e-10 ,-1.19e-13 ,-1.81e-14 ,1.91e-14 ,-4.33e-15 ,5.29e-15 ,-3.98e-11 ,-5.56e-11 ,2.74e-14 ,-9.42e-11 ,-2.00e-11 },
{-2.22e-01 ,1.09e+00 ,2.24e-15 ,-1.34e-10 ,-5.08e+02 ,-1.26e-01 ,-2.89e-02 ,1.54e-02 ,-1.41e-02 ,4.93e-04 ,-1.73e+00 ,-7.90e+00 ,8.40e-04 ,-1.85e-01 ,2.17e-10 },
{4.34e-04 ,-1.94e-03 ,-6.80e-17 ,-1.19e-13 ,-1.26e-01 ,2.11e-03 ,4.90e-06 ,-1.33e-05 ,-1.97e-06 ,-6.40e-06 ,-6.01e-04 ,-3.00e-03 ,2.49e-03 ,-7.98e-04 ,4.93e-14 },
{-1.33e-05 ,6.98e-05 ,1.37e-18 ,-1.81e-14 ,-2.89e-02 ,4.90e-06 ,1.48e-04 ,-7.38e-05 ,7.38e-05 ,5.12e-08 ,-1.35e-04 ,-6.30e-04 ,2.21e-08 ,-3.55e-04 ,1.91e-14 },
{4.90e-06 ,-1.35e-04 ,-6.56e-17 ,1.91e-14 ,1.54e-02 ,-1.33e-05 ,-7.38e-05 ,1.48e-04 ,4.67e-08 ,7.38e-05 ,6.98e-05 ,3.55e-04 ,-4.27e-08 ,6.30e-04 ,-1.81e-14 },
{-6.40e-06 ,1.50e-06 ,-9.12e-17 ,-4.33e-15 ,-1.41e-02 ,-1.97e-06 ,7.38e-05 ,4.67e-08 ,4.30e-05 ,3.09e-05 ,-6.70e-05 ,-2.67e-04 ,-1.25e-05 ,9.25e-06 ,5.29e-15 },
{-1.97e-06 ,-6.70e-05 ,1.00e+00 ,5.29e-15 ,4.93e-04 ,-6.40e-06 ,5.12e-08 ,7.38e-05 ,3.09e-05 ,4.30e-05 ,1.50e-06 ,-9.25e-06 ,1.25e-05 ,2.67e-04 ,-4.33e-15 },
{-1.94e-03 ,5.47e-04 ,-1.48e-16 ,-3.98e-11 ,-1.73e+00 ,-6.01e-04 ,-1.35e-04 ,6.98e-05 ,-6.70e-05 ,1.50e-06 ,2.06e-03 ,-4.96e-01 ,4.97e-01 ,-4.98e-01 ,1.98e-11 },
{7.98e-04 ,4.98e-01 ,-3.31e-18 ,-5.56e-11 ,-7.90e+00 ,-3.00e-03 ,-6.30e-04 ,3.55e-04 ,-2.67e-04 ,-9.25e-06 ,-4.96e-01 ,-3.17e+00 ,2.65e-04 ,-2.77e-01 ,9.42e-11 },
{-2.49e-03 ,-4.97e-01 ,-1.15e-15 ,2.74e-14 ,8.40e-04 ,2.49e-03 ,2.21e-08 ,-4.27e-08 ,-1.25e-05 ,1.25e-05 ,4.97e-01 ,2.65e-04 ,-2.59e-04 ,2.60e-04 ,-2.74e-14 },
{3.00e-03 ,4.96e-01 ,4.64e-16 ,-9.42e-11 ,-1.85e-01 ,-7.98e-04 ,-3.55e-04 ,6.30e-04 ,9.25e-06 ,2.67e-04 ,-4.98e-01 ,-2.77e-01 ,2.60e-04 ,-3.17e+00 ,5.56e-11 },
{-1.19e-13 ,-3.98e-11 ,1.31e-24 ,-2.00e-11 ,2.17e-10 ,4.93e-14 ,1.91e-14 ,-1.81e-14 ,5.29e-15 ,-4.33e-15 ,1.98e-11 ,9.42e-11 ,-2.74e-14 ,5.56e-11 ,4.00e-11 }
}

Error: 
{
{4.34e-19 ,1.34e-17 ,6.93e-17 ,3.88e-18 ,2.78e-16 ,3.79e-19 ,2.22e-19 ,1.40e-19 ,3.07e-19 ,2.45e-19 ,4.55e-18 ,7.21e-17 ,7.85e-17 ,8.02e-17 ,8.70e-18 },
{3.25e-19 ,1.48e-16 ,2.39e-16 ,1.93e-17 ,1.33e-15 ,2.17e-19 ,3.37e-18 ,1.36e-18 ,3.36e-18 ,1.80e-18 ,1.01e-16 ,5.00e-16 ,1.11e-16 ,1.11e-16 ,4.26e-17 },
{2.26e-16 ,2.33e-16 ,0.00e+00 ,2.97e-25 ,1.32e-13 ,1.14e-16 ,1.91e-15 ,6.98e-16 ,4.84e-16 ,2.22e-16 ,2.48e-15 ,6.49e-15 ,1.43e-17 ,2.78e-15 ,8.40e-26 },
{7.67e-27 ,3.49e-25 ,2.08e-24 ,1.29e-26 ,1.84e-24 ,2.93e-27 ,1.69e-26 ,5.67e-27 ,6.28e-27 ,3.67e-27 ,3.62e-25 ,2.32e-24 ,3.48e-24 ,2.35e-24 ,6.46e-27 },
{4.72e-16 ,2.98e-14 ,2.24e-15 ,8.90e-15 ,3.98e-13 ,0.00e+00 ,1.45e-15 ,5.57e-16 ,1.24e-15 ,2.63e-16 ,1.02e-14 ,1.07e-13 ,1.75e-13 ,1.67e-13 ,1.99e-14 },
{6.51e-19 ,2.62e-17 ,6.80e-17 ,2.20e-18 ,8.33e-16 ,0.00e+00 ,5.22e-19 ,3.07e-19 ,6.82e-20 ,1.47e-19 ,2.03e-17 ,1.49e-16 ,8.50e-17 ,1.62e-16 ,4.94e-18 },
{5.76e-20 ,1.41e-18 ,1.37e-18 ,5.06e-19 ,6.59e-17 ,1.78e-20 ,8.13e-20 ,1.90e-19 ,6.78e-20 ,8.92e-20 ,4.34e-19 ,9.00e-18 ,1.20e-17 ,1.22e-17 ,1.13e-18 },
{3.13e-20 ,1.84e-18 ,6.56e-17 ,2.69e-19 ,3.12e-17 ,1.69e-21 ,0.00e+00 ,8.13e-20 ,1.25e-20 ,5.42e-20 ,1.36e-18 ,7.32e-18 ,1.16e-17 ,6.61e-18 ,6.02e-19 },
{3.22e-20 ,3.22e-19 ,9.12e-17 ,2.46e-19 ,3.30e-17 ,2.08e-20 ,9.49e-20 ,8.24e-20 ,4.07e-20 ,3.39e-20 ,1.76e-19 ,3.63e-18 ,4.11e-18 ,5.91e-18 ,5.51e-19 },
{2.50e-20 ,2.71e-20 ,0.00e+00 ,8.74e-21 ,1.60e-17 ,3.47e-20 ,3.61e-20 ,1.36e-20 ,2.03e-20 ,2.03e-20 ,2.65e-20 ,8.25e-19 ,8.69e-19 ,9.22e-19 ,1.93e-20 },
{1.30e-18 ,1.65e-16 ,1.48e-16 ,3.05e-17 ,2.22e-16 ,1.19e-18 ,1.33e-18 ,3.12e-18 ,7.32e-19 ,1.63e-18 ,1.07e-16 ,5.55e-16 ,1.67e-16 ,0.00e+00 ,6.76e-17 },
{1.70e-16 ,8.33e-16 ,3.31e-18 ,1.38e-16 ,1.95e-13 ,1.01e-16 ,6.79e-17 ,1.41e-17 ,4.85e-17 ,4.08e-17 ,5.55e-16 ,6.26e-14 ,6.48e-14 ,6.47e-14 ,3.10e-16 },
{1.63e-16 ,2.22e-16 ,1.15e-15 ,2.37e-20 ,1.93e-13 ,1.07e-16 ,6.41e-17 ,9.35e-18 ,4.07e-17 ,3.62e-17 ,2.78e-16 ,6.48e-14 ,6.53e-14 ,6.53e-14 ,2.96e-20 },
{1.64e-16 ,3.33e-16 ,4.64e-16 ,4.67e-18 ,1.93e-13 ,1.06e-16 ,6.44e-17 ,9.43e-18 ,4.12e-17 ,3.62e-17 ,3.33e-16 ,6.46e-14 ,6.49e-14 ,6.53e-14 ,6.26e-18 },
{7.32e-28 ,3.23e-26 ,1.31e-24 ,9.69e-27 ,1.06e-23 ,9.08e-27 ,5.49e-27 ,3.50e-28 ,3.32e-27 ,1.83e-27 ,9.69e-27 ,2.66e-24 ,2.74e-24 ,2.75e-24 ,6.46e-27 }
}
Determinant of A: 7.79e+38
Is A == Decomposition? True
Is invA == invDecomposition? True
Total error: 6.30e-13
